10908 20140719  1   13.1   17.0   20.8   23.6   39.4    4.0   13.7   11.9    2.5    0.0  852.9                                      
10908 20140718  1   10.8   15.5   18.9   22.7   43.5    3.0   13.9   14.6    0.1    0.0  856.4                                      
10908 20140717  1    7.0   13.4   16.8          68.9    3.0   10.0   11.7    1.2    0.0  858.1                                      
10908 20140716  1    8.0   11.1   13.9   16.7   80.9    3.0    8.3   10.4    2.3    0.0  857.8                                      
10908 20140715  1    5.2    8.0   11.0   14.1   81.6    3.0   10.0    9.5    3.3    0.0  856.4                                      
10908 20140714  1    5.7    7.9    9.5   12.0  100.0    4.0   13.5    0.7    6.6    9.1  851.1                                      
10908 20140713  1    8.1    8.0    9.2   10.5  100.0    4.0   17.3    1.0    7.4    6.3  848.4                                      
10908 20140712  1    7.7    7.5    9.8   11.5  100.0    3.0   12.4    1.0    7.5   47.9  849.6                                      
10908 20140711  1    8.9    8.9    9.9   11.6  100.0    3.0   13.7    0.6    7.6    1.2  849.3                                      
10908 20140710  1    4.0    3.9    6.8    9.1  100.0    4.0   16.5    0.0    7.8   12.3  845.1                                      
10908 20140709  1    3.7    3.4    4.2    5.3  100.0    5.0   17.6    0.0    7.5   22.1  845.2                                      
10908 20140708  1    5.5    5.3    6.9    9.9  100.0    5.0   17.2    0.0    7.7   16.3  846.4                                      
10908 20140707  1    9.0    9.2   11.2   14.8   95.4    3.0   16.1    1.8    7.3   13.8  850.7                                      
10908 20140706  1    9.5    9.7   14.2   19.1   84.9    5.0   25.5   11.2    3.9   15.1  849.9                                      
10908 20140705  1    8.5    8.9   10.6   12.3   99.7    6.0   20.7    0.3    7.2    3.5  849.2                                      
10908 20140704  1    8.5    8.8   16.0   20.2   61.2    4.0   25.0    6.2    3.9   39.4  850.8                                      
10908 20140703  1    1.7   10.4   13.9   17.1   58.5    2.0    7.2   12.2    1.1    0.0  858.7                                      
10908 20140702  1    3.0    8.1    9.8   11.3   83.5    2.0    6.4    2.1    6.1    1.5  855.0                                      
10908 20140701  1   -0.8    6.3    9.3   12.1   75.5    2.0    8.9    6.1    4.3    0.9  852.1                                      
10908 20140630  1    0.6    4.0    5.7    7.6   93.3    4.0   14.6    2.4    6.8    8.4  850.6                                      
10908 20140629  1    3.4    5.0    7.1    9.1   97.6    6.0   29.3    0.5    7.0   12.3  845.9                                      
10908 20140628  1    8.5    8.4   11.1   13.5   85.0    5.0   33.0    2.7    7.0   25.5  849.1                                      
10908 20140627  1    6.6    9.5   12.0   14.3   63.7    4.0   12.6    8.1    4.8    0.0  852.0                                      
10908 20140626  1    1.4    5.4    9.5   12.6   65.6    3.0    9.7   10.5    2.1    0.0  849.3                                      
10908 20140625  1    2.3    5.7    9.4   11.7   75.3    4.0   11.7   10.9    2.7    0.0  847.7                                      
10908 20140624  1    7.5    7.3   10.1   12.4   89.7    3.0   10.9    4.2    6.1    0.0  851.1                                      
10908 20140623  1    7.5    8.9   13.1   16.7   75.7    3.0    9.9    6.9    4.3   15.2  854.1                                      
10908 20140622  1    3.7   10.2   12.9   16.6   63.4    3.0    8.5   13.7    1.0    0.0  854.2                                      
10908 20140621  1    3.1    5.4    9.8   14.0   73.3    2.0    7.2   12.1    2.4    0.0  852.1                                      
10908 20140620  1    3.1    5.4    8.1   10.7   84.5    3.0   10.5    6.3    5.2    0.0  851.8                                      
10908 20140619  3    6.1    8.5   11.1   14.3   67.6    4.0   12.8   11.1    3.2    0.0  852.9                                      
10908 20140618  3    4.8    6.4    9.7   13.1   76.2    5.0   16.0    7.9    3.4    0.1  852.4                                      
10908 20140617  3    5.3    5.6    7.2    8.9   92.7    5.0   18.5    3.4    6.1    8.9  851.4                                      
10908 20140616  3    3.9    5.5    8.7   12.4   72.0    5.0   17.0    8.8    3.9    0.0  851.9                                      
10908 20140615  3    3.1    3.8    7.6   11.0   76.4    5.0   18.5    9.2    4.1    0.0  851.6                                      
10908 20140614  3    4.0    4.6    8.6   11.1   86.6    4.0   14.5    5.9    4.9    0.0  851.7                                      
10908 20140613  3    7.2    9.3   13.4   15.8   80.9    3.0   11.1    8.8    4.4    0.0  855.2                                      
10908 20140612  3   12.0   13.1   15.8   18.1   85.2    3.0   10.7    6.9    2.7    0.9  859.3                                      
10908 20140611  3   10.0   13.9   16.6   19.8   64.2    3.0   14.8   12.7    2.0    0.0  859.5                                      
10908 20140610  3   10.8   12.8   19.2   23.0   45.9    3.0   16.2    5.9    5.7    0.7  857.0                                      
10908 20140609  3   13.0   18.0   21.6   24.7   36.2    3.0   23.1   12.5    2.0    0.1  856.8                                      
10908 20140608  3   13.2   18.1   20.3   22.5   39.1    4.0   11.4   14.8    0.1    0.0  857.2                                      
10908 20140607  3   10.4   14.3   17.4   20.6   52.0    4.0   11.0   13.5    0.6    0.0  854.6                                      
10908 20140606  3    5.7    7.9   13.0   16.9   58.8    4.0   11.3   14.1    1.0    0.0  852.5                                      
10908 20140605  3    2.8    2.5    6.0    9.9   85.7    4.0   16.3    8.3    4.6    0.0  849.3                                      
10908 20140604  3    3.5    3.4    7.0    9.9   89.8    5.0   23.7    0.9    5.8    8.3  845.4                                      
10908 20140603  3    1.4    6.3    7.9   10.5   80.8    2.0    7.3    4.3    6.5    2.4  849.7                                      
10908 20140602  3   -0.1    5.2    7.6    9.9   78.8    2.0   10.8    4.7    6.0    7.0  851.7                                      
10908 20140601  3    1.7    6.2    7.9   10.6   69.6    3.0    9.5    2.9    6.8    0.0  852.8                                      
10908 20140531  3   -1.1   -0.3    5.0    9.6   78.9    4.0   15.8   12.4    3.5    0.0  852.3                                      
10908 20140530  3    0.7    2.1    5.2    6.2  100.0    3.0   11.2    0.5    7.4    0.0  851.4                                      
10908 20140529  3   -0.3    5.1    6.3    7.9   91.0    3.0    8.8    1.8    5.7    7.8  849.1                                      
10908 20140528  3    1.2    3.2    5.2    7.7   96.0    3.0    8.1    1.3    6.5    0.0  847.3                                      
10908 20140527  3    3.7    4.1    5.5    6.6   98.7    4.0   15.6    0.0    7.4    5.4  847.1                                      
10908 20140526  3    3.0    6.4    7.4    9.5   93.3    2.0    6.5    0.4    6.8    9.4  848.9                                      
10908 20140525  3    5.3    6.2    9.2   12.7   76.2    4.0   14.0    6.9    6.4    0.0  852.0                                      
10908 20140524  3    2.3    1.6    5.9    9.8   83.5    4.0   17.7    8.9    5.2    0.2  850.1                                      
10908 20140523  3    3.4    2.3    7.3   11.3   85.6    4.0   13.7    6.8    4.6   11.1  846.2                                      
10908 20140522  3    4.9    5.1   11.7   18.1   69.7    4.0   22.1    8.9    3.4   12.1  846.7                                      
10908 20140521  3    4.9   10.7   14.5   18.8   50.4    4.0   16.2   10.6    2.4    0.0  848.8                                      
10908 20140520  3    6.1   10.5   13.3   16.3   48.4    3.0   11.9    9.3    3.8    0.0  849.3                                      
10908 20140519  3    5.0    8.0   10.8   14.4   58.3    3.0    9.3    4.7    4.3    0.0  845.8                                      
10908 20140518  3    1.0    4.2    8.0   12.0   71.9    3.0    9.1    9.6    2.3    0.0  847.9                                      
10908 20140517  3   -0.1    1.6    4.5    7.8   78.1    5.0   16.6    4.5    4.3    0.0  851.9                                      
10908 20140516  3   -0.2   -0.2    2.4    5.6   87.4    5.0   20.9    3.8    5.7    0.0  856.1                                      
10908 20140515  3   -1.8   -0.9    0.2    1.7   97.6    4.0   15.7    1.9    7.0    0.9  858.5                                      
10908 20140514  3   -0.2   -0.3    0.9    3.5   99.7    4.0   14.7    5.4    6.2    2.3  856.3                                      
10908 20140513  3   -0.9   -0.9   -0.2    0.6  100.0    4.0   12.4    1.3    7.4   27.2  848.6                                      
10908 20140512  3   -0.8   -0.8   -0.2    0.7  100.0    6.0   20.6    0.2    7.2   14.8  846.2                                      
10908 20140511  3   -0.4   -0.7    1.5    5.7   97.3    7.0   29.0    1.1    7.3   10.2  844.0                                      
10908 20140510  3    3.9    4.2    6.5    9.1   89.0    6.0   30.4    3.0    6.9    6.3  848.6                                      
10908 20140509  3    4.0    5.1    6.3    7.0  100.0    6.0   24.0    0.0    7.5   13.8  850.6                                      
10908 20140508  3    3.1    3.1    5.4    8.8   92.6    6.0   24.6    3.5    7.0   19.1  850.0                                      
10908 20140507  3    1.8    2.2    4.2    6.1   99.1    6.0   21.3    1.5    7.2   13.2  848.5                                      
10908 20140506  3    5.3    5.4    8.3   10.6   64.5    6.0   24.6    5.3    4.6   15.5  848.8                                      
10908 20140505  3   -2.0    1.5    7.2   12.3   53.5    3.0   12.1   13.6    1.3    0.0  849.6                                      
10908 20140504  3   -2.3   -2.4    0.0    3.3   95.6    4.0   18.8    8.4    4.0    0.0  850.7                                      
10908 20140503  3   -2.2   -2.3   -0.2    3.5           5.0   16.6    0.0    7.8    0.0  849.3                                      
10908 20140502  3    2.4    2.7    3.6    4.9  100.0    4.0   16.5    0.1    7.7   18.2  845.4                                      
10908 20140501  3    2.2    2.9    4.0    5.2  100.0    3.0   12.6    0.0    7.7    2.1  845.2                                      
10908 20140430  3    1.2    2.4    3.5    4.6   98.8    2.0    6.5    0.0    7.4   10.7  844.1                                      
10908 20140429  3    0.3    2.5    3.4    4.6  100.0    2.0    4.7    0.0    7.3    5.4  845.3                                      
10908 20140428  3    0.7    0.6    1.8    2.6  100.0    2.0    7.8    0.0    7.6    9.9  843.2                                      
10908 20140427  3    0.1    0.3    1.8    3.2   98.9    4.0   14.2    0.0    7.0    2.1  842.2                                      
10908 20140426  3    3.3    3.1    6.2    8.8   98.3    2.0   13.0    0.5    7.5   24.3  845.4                                      
10908 20140425  3    5.1    5.4    8.7   11.0   71.3    4.0   16.4    9.5    4.7   18.8  846.2                                      
10908 20140424  3    4.3    6.6    9.0   11.9   65.1    4.0   15.5    8.7    4.0    0.0  850.3                                      
10908 20140423  3    0.4    5.6    7.3    9.2   82.3    3.0   14.7    6.4    3.8    9.0  851.8                                      
10908 20140422  3   -0.7    2.8    5.2    8.2   91.8    3.0   12.1    3.2    6.4    0.1  846.0                                      
10908 20140421  3   -1.3    2.5    3.5    4.5   99.5    3.0   14.1    0.1    7.4    3.4  838.9                                      
10908 20140420  3   -1.3    1.9    3.8    6.0   99.8    4.0   22.5    2.9    6.7    0.2  839.1                                      
10908 20140419  3   -3.8   -3.8   -1.1    3.7   99.6    6.0   22.5    0.0    8.0    3.3  840.4                                      
10908 20140418  3   -4.2   -4.0   -0.3    4.6   85.5    5.0   17.4    0.1    7.0    5.2  843.8                                      
10908 20140417  3   -4.5   -3.1    2.5    8.1   50.0    4.0   18.7   12.6    1.4    0.1  850.9                                      
10908 20140416  3   -6.3   -5.4   -2.2    2.6   77.8    5.0   19.0    9.5    3.4    0.1  854.1                                      
10908 20140415  3   -5.7   -5.2   -3.2   -0.6   84.1    4.0   11.9    9.6    3.9    0.0  852.3                                      
10908 20140414  3   -2.7   -2.5    1.1    4.1   87.0    5.0   20.1    4.4    6.9    0.0  850.2                                      
10908 20140413  3   -0.5    0.9    4.3    7.3   80.0    3.0    9.3    8.9    4.4    0.1  851.4                                      
10908 20140412  3    3.1    4.0    7.4   10.0   74.2    3.0   10.6    8.4    5.2    0.0  849.7                                      
10908 20140411  3    0.6    5.9    8.4   12.0   63.3    2.0    9.1   10.7    2.1    0.0  849.9                                      
10908 20140410  3   -0.6    2.1    6.3    9.7   57.0    2.0    6.1   11.8    1.0    0.0  853.3                                      
10908 20140409  3   -3.6   -2.5    0.9    4.4   74.7    3.0   11.6   12.3    2.7    0.0  855.2                                      
10908 20140408  3   -0.7   -0.6    3.7   10.5   86.0    6.0   26.1    1.9    6.8    2.8  851.5                                      
10908 20140407  3    1.7    6.4    9.2   11.7   68.5    4.0   17.4    9.0    3.0    2.5  851.7                                      
10908 20140406  3    1.8    3.4    5.7    8.3   93.5    2.0    7.7    3.0    4.9    0.0  852.6                                      
10908 20140405  3    2.6    4.6    5.0    5.5   99.0    3.0    6.6    0.0    7.6    3.1  847.9                                      
10908 20140404  3    2.8    5.4    7.9    9.9   62.1    2.0    5.2    0.0    6.9    0.0  841.8                                      
10908 20140403  3    3.4    9.1   10.1   11.2   41.9    3.0   11.7    0.8    5.9    0.0  841.3                                      
10908 20140402  3    1.3    6.8    9.1   11.5   52.9    4.0   15.8    9.9    2.2    0.0  843.9                                      
10908 20140401  3    0.6    6.1    8.0    9.6   64.1    2.0    6.5    4.7    4.1    0.0  846.8                                      
10908 20140331  3    2.0    7.4    8.7   10.6   55.4    2.0    5.9    8.3    3.1    0.0  848.8                                      
10908 20140330  3    3.4    8.2    9.8   12.5   34.8    3.0   10.1    9.8    1.1    0.0  849.9                                      
10908 20140329  3    0.5    3.4    6.3    8.6   46.8    4.0   13.1   11.5    1.5    0.0  850.4                                      
10908 20140328  3   -2.3    1.6    4.0    6.7   62.1    3.0   10.4    8.2    1.8    0.0  846.8                                      
10908 20140327  3   -4.9   -2.4    0.6    2.9   74.1    3.0   11.9    9.9    2.1    0.0  841.4                                      
10908 20140326  3   -6.3   -5.4   -3.5   -1.6   93.8    4.0   13.4    6.0    5.2    0.5  839.9                                      
10908 20140325  3  -10.9   -6.3   -4.6   -2.5   97.5    3.0   11.5    3.7    4.1    3.1  839.1                                      
10908 20140324  3   -8.7   -5.5   -4.5   -2.9   98.5    3.0    8.8    0.7    7.6    5.0  841.5                                      
10908 20140323  3   -5.2   -4.5   -3.6   -2.2   99.3    4.0   14.9    0.0    7.2   11.6  838.5                                      
10908 20140322  3   -2.6   -2.7    0.6    3.9   98.9    6.0   30.4    0.0    7.1   23.5  840.2                                      
10908 20140321  3    2.8    3.3    6.3    9.0   67.7    6.0   23.7    7.0    3.7    1.2  847.7                                      
10908 20140320  3    1.6    4.1    8.1   11.2   45.7    5.0   21.6   11.2    1.1    0.0  852.6                                      
10908 20140319  3   -0.7   -0.8    1.8    5.4   80.8    4.0   18.6    5.8    4.4    0.0  856.1                                      
10908 20140318  3    0.1    0.2    6.7    9.9   50.3    5.0   19.7    9.4    3.1    0.0  850.9                                      
10908 20140317  3    0.6    2.3    6.2    9.5   51.5    4.0   12.8   11.2    0.3    0.0  853.9                                      
10908 20140316  3   -0.7   -0.9    2.4    6.2   90.8    5.0   15.4    4.7    4.5    0.2  854.3                                      
10908 20140315  3   -0.9   -1.2    1.3    4.8   83.9    5.0   18.3    0.0    5.9    2.0  853.6                                      
10908 20140314  3   -0.1    4.7    7.0   11.3   48.8    2.0    9.6   11.0    0.3    0.0  857.0                                      
10908 20140313  3   -0.6    4.9    7.2   10.7   46.8    3.0   10.8   11.0    0.3    0.0  858.6                                      
10908 20140312  3   -1.3    1.0    5.3    9.1   46.6    6.0   26.4   10.9    0.5    0.0  858.1                                      
10908 20140311  3   -0.7    1.2    3.2    6.0   41.7    7.0   28.8    9.8    2.3    0.0  854.6                                      
10908 20140310  3    0.3    2.3    6.1    8.5   39.7    5.0   22.6   10.8    0.4    0.0  853.5                                      
10908 20140309  3   -0.2    3.7    6.4    9.5   28.7    6.0   18.6   10.8    0.6    0.0  858.5                                      
10908 20140308  3   -3.9    0.1    2.6    6.3   65.7    6.0   19.7   10.7    0.8    0.0  858.8                                      
10908 20140307  3   -4.2   -2.0    2.2    5.3   70.8    4.0   15.3   10.6    1.1    0.0  855.0                                      
10908 20140306  3   -3.9   -3.3   -2.2   -0.5   99.8    6.0   19.2    5.3    4.9    0.0  854.2                                      
10908 20140305  3   -3.7   -3.2   -1.9    0.0  100.0    4.0   15.4    2.4    6.3    0.0  847.1                                      
10908 20140304  3   -6.6   -4.7   -3.3   -2.0   99.3    3.0    9.4    0.0    7.7    2.5  834.5                                      
10908 20140303  3   -5.9   -4.5   -3.4   -2.4   99.3    6.0   25.3    0.0    6.7    3.5  827.3                                      
10908 20140302  3   -2.8   -4.6   -3.5   -1.6   99.3    3.0   15.7    1.5    7.2    0.1  834.1                                      
10908 20140301  3   -2.9   -4.5   -3.8   -2.8   99.0    3.0   10.9    0.0    7.8    0.4  833.3                                      
10908 20140228  3   -4.1   -5.1   -3.0   -1.0   99.4    5.0   21.2    0.1    7.1   10.9  835.9                                      
10908 20140227  3   -5.6   -4.4   -3.3   -2.5   99.3    5.0   23.3    2.8    6.7   10.9  846.4                                      
10908 20140226  3   -2.6   -2.6   -1.2    0.0   99.5    4.0   15.3    0.0    7.7   14.8  846.5                                      
10908 20140225  3   -2.7   -1.1    0.4    2.2   73.8    5.0   18.6    4.3    4.6    4.2  845.7                                      
10908 20140224  3   -4.6    0.6    2.9    5.3   37.9    4.0   13.8   10.0    0.3    0.0  848.0                                      
10908 20140223  3   -4.1   -4.4   -2.0    2.9   94.1    4.0   12.4    6.6    4.0    0.0  850.7                                      
10908 20140222  3   -4.4   -4.6   -3.7   -2.6   99.4    5.0   18.3    0.5    7.2    7.0  846.2                                      
10908 20140221  3   -4.4   -4.0   -1.6    1.4   99.9    6.0   22.4    0.2    6.5    4.3  842.2                                      
10908 20140220  3   -4.3   -3.0   -1.0    1.2   96.9    5.0   18.4    6.4    5.3    8.4  844.7                                      
10908 20140219  3   -1.7   -1.8   -1.2   -0.2   98.2    4.0   16.3    0.3    7.4    2.0  846.1                                      
10908 20140218  3   -3.5   -2.2    1.4    3.6   58.0    4.0   14.5    5.5    5.7    0.1  846.2                                      
10908 20140217  3   -7.0   -4.0   -2.6   -0.9   99.8                  4.8    4.1    0.0  845.6                                      
10908 20140216  3   -4.8   -3.3   -2.7   -2.1  100.0                  0.0    6.6    0.0  843.8                                      
10908 20140215  3   -2.8   -2.8    1.7    6.5   95.8                  0.0    7.5   15.3  838.5                                      
10908 20140214  3   -5.1   -5.0   -2.0    6.5   97.4                  1.8    6.8    1.7  839.2                                      
10908 20140213  3   -5.1   -5.0   -1.9   -0.2   98.3    8.0           0.0    7.3   17.5  833.7                                      
10908 20140212  3   -5.0   -4.9   -3.3    0.3   94.5    6.0   28.9    3.8    5.8    2.3  839.9                                      
10908 20140211  3   -5.5   -5.1   -4.0   -3.0   98.8    5.0   19.5    2.7    5.8    1.8  837.0                                      
10908 20140210  3   -5.0   -3.8   -1.7    1.3   87.8    6.0   22.6    0.1    7.1    6.2  828.1                                      
10908 20140209  3   -5.7   -4.9   -4.3   -3.0   98.5    7.0   28.5    0.0    6.1    3.1  832.2                                      
10908 20140208  3   -4.5   -4.0   -2.8   -1.6   99.3    7.0   30.3    0.9    6.2   13.5  832.5                                      
10908 20140207  3   -3.2   -3.3    0.1    4.8   88.7    7.0   25.0    0.0    6.6   16.6  836.2                                      
10908 20140206  3   -3.1   -3.1   -0.9    6.9   87.8    7.0   23.7    4.5    5.6    0.0  838.7                                      
10908 20140205  3   -3.1   -3.1   -1.1    1.5   79.0    6.0   24.4    0.0    6.6    3.7  835.0                                      
10908 20140204  3   -3.5   -2.8   -1.5    0.1   87.6    5.0   18.4    1.7    5.1    0.1  841.2                                      
10908 20140203  3   -4.6   -4.7   -1.4    2.6   87.6    5.0   22.6    5.3    5.6    0.0  840.4                                      
10908 20140202  3   -5.0   -4.2   -3.5   -2.1   99.0    3.0   12.7    0.1    7.8    1.3  843.0                                      
10908 20140201  3   -3.4   -3.4   -0.4    4.0   65.0    5.0   22.7    1.7    5.4    3.5  837.1                                      
10908 20140131  3   -7.1   -3.6   -1.1    1.2   76.3    3.0   13.1    6.3    1.6    0.0  838.7                                      
10908 20140130  3   -6.0   -3.6   -2.1    0.5   64.0    4.0   17.2    0.0    7.0    0.0  835.1                                      
10908 20140129  3   -9.0   -7.1   -4.1   -1.5   62.1    4.0   10.6    3.4    4.6    0.1  830.0                                      
10908 20140128  3   -9.1   -7.1   -5.6   -3.1   97.2    5.0           7.7    3.6    0.0  830.9                                      
10908 20140127  3   -6.1   -5.8   -4.3    0.0   98.3                  0.0    7.5    1.6  830.9                                      
10908 20140126  3   -6.2   -5.9   -4.8   -0.3   97.9                  0.3    7.4    2.7  839.4                                      
10908 20140125  3  -10.3   -7.3   -6.1   -3.7   95.9    4.0   29.1    4.6    5.0    2.6  845.0                                      
10908 20140124  3  -11.8   -7.4   -6.0   -3.6   96.5    4.0   19.4    0.0    6.2    4.1  843.3                                      
10908 20140123  3   -4.6   -4.2   -3.6   -2.8   99.0    6.0   21.7    0.0    7.8   12.1  843.6                                      
10908 20140122  3   -8.7   -5.4   -4.0   -2.7   97.4    3.0   12.2    5.9    5.8    0.0  841.5                                      
10908 20140121  3   -4.4   -4.3   -3.4   -2.6   99.1    4.0   13.9    0.0    8.0    0.4  841.1                                      
10908 20140120  3   -2.8   -2.6   -0.2    5.2   89.4    4.0   12.3    0.0    7.5    2.9  834.5                                      
10908 20140119  3   -0.8    0.8    3.9    5.7   55.6    4.0   14.2    1.5    7.3    0.0  832.1                                      
10908 20140118  3   -6.1   -0.2    2.2    5.3   63.9    5.0   16.1    3.3    3.5    0.0  834.7                                      
10908 20140117  3   -3.7   -2.5   -1.9    0.0  100.0    5.0   15.4    1.0    5.0    0.1  836.7                                      
10908 20140116  3   -2.3   -2.4    0.3    2.3   92.0    6.0   21.4    0.1    7.4   21.2  837.8                                      
10908 20140115  3   -6.9   -6.2   -4.5    0.2   95.4    6.0   20.3    4.5    6.8    2.3  841.3                                      
10908 20140114  3   -4.5   -4.6   -2.4   -1.3  100.0    3.0   14.2    0.0    7.6    8.5  838.8                                      
10908 20140113  3   -1.9   -1.4    0.3    3.8   97.3    5.0   21.0    0.0    6.8    5.9  845.2                                      
10908 20140112  3   -5.6   -1.2    4.1    7.4   37.6    4.0   19.3    7.9    1.1    0.0  852.1                                      
10908 20140111  3   -0.4   -0.3    2.5    5.2   85.4    6.0   19.5    0.7    6.8    1.5  850.0                                      
10908 20140110  3   -3.7   -2.7   -1.8    2.6   99.0    5.0   22.1    4.2    5.3    0.0  848.8                                      
10908 20140109  3   -1.8   -2.0    4.8    7.5   64.5    7.0   27.8    3.6    6.5    7.1  847.8                                      
10908 20140108  3    2.3    3.7    5.1    7.7   87.5    6.0   21.2    2.2    6.9    0.0  853.2                                      
10908 20140107  3    1.5    2.5    4.2    6.3   84.2    6.0   27.9    1.7    6.7    1.2  850.1                                      
10908 20140106  3   -4.4   -4.1    3.4    8.2   75.3    6.0   30.1    3.8    5.2    0.1  845.9                                      
10908 20140105  3   -5.0   -4.5   -3.0    1.3   99.8    6.0   19.5    1.3    6.5    1.1  840.4                                      
10908 20140104  3   -0.8   -0.5    0.8    2.1   99.8    5.0   19.8    0.0    7.2   15.6  839.3                                      
10908 20140103  3   -1.2   -0.8    0.9    2.5   99.9    7.0   25.8    0.1    6.7    5.2  844.2                                      
10908 20140102  3   -1.2   -1.2   -0.3    1.0   98.5    7.0   25.9    0.0    7.5   23.2  839.9                                      
10908 20140101  3   -3.2   -2.3   -0.9    0.5   96.2    6.0   21.5    1.3    7.0    9.2  843.7                                      
10908 20131231  3   -4.0   -3.1    0.3    3.1   27.6    5.0   19.4    7.2    5.5    2.2  848.0                                      
10908 20131230  3   -6.8   -5.0   -4.1   -2.2   93.5    3.0   10.5    6.7    3.7    0.0  853.3                                      
10908 20131229  3   -6.6   -4.6   -3.4   -3.0  100.0    5.0   20.9    0.0    7.8    3.0  848.2                                      
10908 20131228  3   -3.0   -3.0    0.4    3.0   85.9    7.0   25.2    0.5    7.0   14.1  838.2                                      
10908 20131227  3   -7.1   -5.7   -2.0    3.9   87.6    7.0   24.6    3.5    4.8    0.0  839.0                                      
10908 20131226  3   -4.4   -4.2   -2.6   -1.2  100.0    4.0   13.1    0.0    7.8    9.8  830.2                                      
10908 20131225  3   -2.4   -2.4    1.1    5.5   84.4    5.0   17.4    0.0    7.7   44.1  828.7                                      
10908 20131224  3   -0.2    1.6    3.5    5.3   60.6    7.0   24.1    4.1    5.4    0.1  837.0                                      
10908 20131223  3   -0.4    0.5    1.2    2.4   99.8    6.0   25.5    1.5    5.1    2.7  849.7                                      
10908 20131222  3    0.3    0.6    2.0    3.2   90.7    8.0   33.8    0.1    7.6   16.5  853.4                                      
10908 20131221  3   -5.3   -3.5   -0.4    3.1  100.0    6.0   24.5    2.9    3.7    0.4  858.3                                      
10908 20131220  3   -6.0   -4.0   -1.8   -0.1  100.0    4.0   13.1    0.1    7.5    4.1  853.9                                      
10908 20131219  3   -0.7   -0.6    0.7    2.7   90.5    7.0   26.1    0.0    7.6   21.6  843.8                                      
10908 20131218  3   -1.3    0.4    1.3    3.5   71.4    6.0   20.9    0.3    6.3    0.0  852.5                                      
10908 20131217  3   -1.4    3.3    7.3    9.5   21.7    5.0   18.0    7.5    1.4    0.0  858.1                                      
10908 20131216  3    2.4    5.9    8.8   11.0   15.5    5.0   17.8    6.4    2.2    0.0  861.1                                      
10908 20131215  3   -7.5   -5.4    3.2    7.0   36.0    5.0   17.0    1.7    4.7    0.0  861.0                                      
10908 20131214  3   -8.5   -5.4   -3.0   -0.7   96.9    5.0   18.8    0.0    6.8    2.3  857.2                                      
10908 20131213  3   -5.9   -2.5    1.0    5.2   60.3    4.0   14.1    7.1    0.6    0.0  854.3                                      
10908 20131212  3   -4.0    4.5    7.1   11.4   25.7    1.0    3.1    7.2    0.0    0.0  858.8                                      
10908 20131211  3   -2.2    6.8    8.3   12.2   50.1    2.0    5.4    7.2    0.0    0.0  862.3                                      
10908 20131210  3    0.2    4.4    6.3    8.0   53.5    5.0   12.8    7.2    0.8    0.0  862.4                                      
10908 20131209  3   -6.3   -3.2    0.8    5.6   64.8    4.0   13.6    7.1    2.4    0.0  859.7                                      
10908 20131208  3   -6.8   -4.3   -3.2   -0.2   99.4    3.0    8.2    5.0    4.0    0.0  856.6                                      
10908 20131207  3   -7.8   -7.5   -4.8   -2.2   97.5    4.0   14.9    2.3    6.4    0.0  855.4                                      
10908 20131206  3   -7.5   -7.3   -5.5   -3.0   97.4    7.0   28.2    0.1    7.4    0.5  850.9                                      
10908 20131205  3   -4.7   -3.4   -2.7   -1.9   99.0    6.0   33.7    0.0    7.3    1.1  853.0                                      
10908 20131204  3   -6.4   -5.7    1.8    7.3   59.6    5.0   18.1    7.3    3.0    0.1  856.0                                      
10908 20131203  3   -0.2    6.7    9.8   12.0   10.0    4.0   16.2    7.4    1.9    0.0  857.2                                      
10908 20131202  3   -6.6   -6.5   -1.2   11.4   68.9    8.0   28.6    5.1    3.7    0.0  854.5                                      
10908 20131201  3   -6.5   -6.2   -5.7   -5.2   98.3    7.0   26.0    0.8    6.9    0.1  852.9                                      
10908 20131130  3   -7.6   -6.6   -5.3   -3.7   99.0    5.0   20.3    2.2    6.8    0.9  847.6                                      
10908 20131129  3   -5.0   -5.1   -4.4   -2.9   99.1    5.0   22.7    0.0    7.9   13.3  852.5                                      
10908 20131128  3   -7.7   -6.4   -3.4   -1.7   69.8    6.0   18.8    0.3    7.6    0.3  856.7                                      
10908 20131127  3  -12.7  -11.8   -9.5   -6.1   78.8    7.0   22.5    7.6    3.9    0.0  854.9                                      
10908 20131126  3  -10.4  -10.0   -8.7   -6.8   95.5    5.0   18.4    1.5    6.7    0.4  855.1                                      
10908 20131125  3  -10.8   -9.0   -6.9   -0.6   96.9    4.0   14.5    5.1    5.6    1.3  852.6                                      
10908 20131124  3   -4.9   -4.5   -2.9   -2.1   99.8    5.0   18.0    0.0    8.0    3.1  846.2                                      
10908 20131123  3   -3.6   -3.6   -2.8   -2.2   99.8    6.0   20.1    0.0    8.0    1.3  840.1                                      
10908 20131122  3   -5.1   -5.1   -4.1   -2.9   98.9    4.0   17.5    0.0    7.8    1.5  833.5                                      
10908 20131121  3   -6.8   -6.6   -5.0   -3.0   98.6    4.0   17.3    0.0    7.9   14.8  828.9                                      
10908 20131120  3   -6.7   -6.6   -4.1   -3.3   99.3    4.0   14.6    0.0    7.8    4.4  835.3                                      
10908 20131119  3   -4.1   -4.2    1.0    7.1   85.4    4.0   12.8    0.0    6.6   12.0  837.1                                      
10908 20131118  3    0.4    2.6    5.0    6.6   72.9    4.0   14.1    6.9    3.7    0.0  844.2                                      
10908 20131117  3   -3.8   -3.4    4.1    7.9   62.5    4.0   17.6    3.3    2.9    0.0  850.1                                      
10908 20131116  3   -2.8    1.9    4.7    6.5   66.7    5.0   19.3    8.0    0.2    0.0  854.2                                      
10908 20131115  3   -5.1   -5.4   -3.8    2.0   99.4    6.0   28.5    0.0    7.0    0.6  848.9                                      
10908 20131114  3   -5.1   -4.8   -3.3    1.6   99.7    4.0   15.9    0.0    7.1    0.5  849.7                                      
10908 20131113  3   -3.8   -3.3   -1.5    0.8   91.2    6.0   22.6    3.2    7.5    0.1  855.3                                      
10908 20131112  3   -5.7   -5.1   -1.6    1.6   85.3    5.0   20.8    8.4    1.3    0.0  853.8                                      
10908 20131111  3   -5.3   -4.8   -3.7   -2.9   99.8    6.0   19.6    0.8    6.8    0.2  855.0                                      
10908 20131110  3   -3.9   -3.8   -2.1   -0.3  100.0    6.0   25.1    0.0    7.8   32.0  840.1                                      
10908 20131109  3   -2.2   -1.3   -0.3    2.1   99.8    6.0   27.4    0.9    6.2    8.4  845.0                                      
10908 20131108  3    2.1    2.0    5.8    6.9  100.0    7.0   26.7    0.0    7.3   23.6  845.2                                      
10908 20131107  3    5.0    5.1    5.8    6.4  100.0    7.0   30.6    0.0    7.5    4.0  847.6                                      
10908 20131106  3    0.0    0.0    3.6    5.7  100.0    8.0   30.7    0.0    7.7   18.8  841.5                                      
10908 20131105  3   -4.9   -5.2   -1.6    1.9  100.0    6.0   31.7    1.5    7.2   12.8  833.8                                      
10908 20131104  3   -1.1   -0.8    0.9    2.2  100.0    8.0   30.0    0.0    7.7   36.4  832.3                                      
10908 20131103  3   -1.8   -1.4    0.5    6.0  100.0    7.0   29.4    0.0    7.2   10.5  842.1                                      
10908 20131102  3    5.1    5.3    6.1    6.9   99.4    8.0   31.1    0.0    7.7   44.2  843.5                                      
10908 20131101  3    1.6    4.1    5.7    6.6   69.9    6.0   21.6    0.0    6.7   10.3  850.7                                      
10908 20131031  3   -1.9   -0.2    2.8    7.4   82.1    4.0   16.0    9.1    0.8    0.0  854.7                                      
10908 20131030  3   -2.1   -0.3    0.9    2.3   95.5    3.0   12.3    3.9    3.1    0.0  854.4                                      
10908 20131029  3    0.0    1.0    1.8    3.1  100.0    6.0   21.1    1.3    7.2    0.2  849.1                                      
10908 20131028  3    2.4    2.2    8.8   13.2   72.0    8.0   35.2    5.9    6.0   20.5  845.4                                      
10908 20131027  3    5.8    5.8    7.5   11.6   96.0    8.0   36.1    0.5    7.3    3.7  849.0                                      
10908 20131026  3    8.8   10.6   12.4   15.3   74.2    6.0   25.5    8.5    3.4    8.6  852.9                                      
10908 20131025  3    6.7   10.4   12.0   13.7   55.5    5.0   18.2    4.6    4.1    0.0  852.1                                      
10908 20131024  3    4.2    5.3    8.0   11.4   84.9    4.0   14.6    8.9    2.3    0.0  852.3                                      
10908 20131023  3    5.8    5.7    8.5   14.4   91.2    6.0   23.8    0.0    7.4    9.4  847.9                                      
10908 20131022  3    8.9   10.6   13.5   15.9   55.5    5.0   18.4    6.6    5.5    0.6  848.1                                      
10908 20131021  3    7.1    7.5    9.2   11.3   94.5    5.0   15.8    1.0    6.8    1.5  852.6                                      
10908 20131020  3    5.8    6.9    8.7   10.7   95.6    6.0   23.3    0.0    6.6    8.6  852.1                                      
10908 20131019  3    7.0    8.7   11.1   13.4   77.4    6.0   19.5    8.3    3.0    0.0  850.7                                      
10908 20131018  3    0.8    3.9    6.9   11.3   72.8    4.0   13.0    7.0    2.9    0.0  851.2                                      
10908 20131017  3    1.9    2.6    4.2    7.2   98.8    5.0   21.7    1.5    5.7    0.1  851.6                                      
10908 20131016  3    0.5    0.8    2.9    7.0   96.8    5.0   22.4    1.2    7.3   10.5  847.4                                      
10908 20131015  3    2.2    2.1    4.7    5.6  100.0    7.0   30.4    0.0    7.3   50.6  845.2                                      
10908 20131014  3    4.2    4.2    4.9    5.7  100.0    6.0   24.9    0.0    7.5   13.5  850.0                                      
10908 20131013  3   -2.6   -2.4    1.0    4.5  100.0    6.0   22.3    4.0    7.0    7.4  849.6                                      
10908 20131012  3   -1.2   -2.1   -1.1   -0.3  100.0    3.0   16.7    0.2    7.7    3.4  846.5                                      
10908 20131011  3   -1.8   -2.4   -1.4   -0.6   99.9    3.0   10.2    0.3    7.3    5.1  843.6                                      
10908 20131010  3   -2.0   -2.9    0.2    4.5  100.0    5.0   25.8    0.0    7.9   25.8  842.5                                      
10908 20131009  3    3.4    4.0    4.6    5.4  100.0    4.0   15.7    0.1    7.8   10.2  852.8                                      
10908 20131008  3    5.5    5.4    6.3    7.1  100.0    2.0    5.8    0.0    7.9    5.9  856.2                                      
10908 20131007  3    2.2    4.4    5.9    7.1  100.0    4.0   15.6    0.0    7.3    2.8  856.2                                      
10908 20131006  3    5.3    5.4    6.7    7.5  100.0    3.0   10.5    0.0    8.0    5.1  855.7                                      
10908 20131005  3    7.2    7.1    9.0   11.2  100.0    5.0   19.7    0.0    7.8   33.7  851.7                                      
10908 20131004  3    9.8   10.9   11.7   13.2   95.7    4.0   15.3    0.1    7.7   20.6  854.0                                      
10908 20131003  3    6.5   10.3   13.4   15.7   67.8    3.0    9.0    6.1    6.1    0.0  852.9                                      
10908 20131002  3    4.2    6.1    8.3   11.1   82.7    3.0    8.8    8.7    5.7    0.0  849.9                                      
10908 20131001  3    5.3    5.2    6.6    8.2  100.0    3.0    9.5    0.2    7.9    0.0  845.2                                      
10908 20130930  3    6.5    6.3    7.2    8.0  100.0    3.0    7.9    0.0    8.0    0.0  841.7                                      
10908 20130929  3    6.0    5.7   10.8   14.4   82.5    4.0   18.1    4.2    6.7    0.7  842.3                                      
10908 20130928  3    9.1   11.9   14.6   16.8   67.5    3.0   10.3    7.6    5.4    0.0  847.1                                      
10908 20130927  3    8.8   10.6   12.6   14.6   81.8    3.0   10.0    5.5    5.7    0.0  850.6                                      
10908 20130926  3    7.8    9.7   11.5   13.5   90.3    4.0   17.1    5.3    6.9    1.4  850.8                                      
10908 20130925  3    7.5    9.0   10.8   12.4   89.7    5.0   18.9    5.9    4.1    1.4  849.1                                      
10908 20130924  3    2.5   11.9   13.8   15.1   38.2    3.0    8.5   11.3    1.0    0.0  852.1                                      
10908 20130923  3    0.8    9.7   11.7   15.0   65.0    2.0    6.7   11.3    0.1    0.0  857.7                                      
10908 20130922  3    0.8    8.3   10.7   14.2   58.4    2.0    4.7   11.4    0.3    0.0  860.5                                      
10908 20130921  3   -0.5    4.3    7.9   11.7   93.0    2.0    5.2    9.4    2.6    0.0  858.4                                      
10908 20130920  3    3.1    3.0    4.9    6.5  100.0    5.0   18.0    0.1    7.4    0.8  851.9                                      
10908 20130919  3   -0.5    0.2    3.1    4.4   99.3    5.0   18.6    5.2    5.9    0.7  847.4                                      
10908 20130918  3    4.5    4.4    7.3    8.4  100.0    8.0   34.4    0.0    7.3   36.6  838.9                                      
10908 20130917  3   -0.4   -0.7    0.9    6.3  100.0    7.0   34.5    0.0    7.5   39.9  840.7                                      
10908 20130916  3    0.0    0.1    3.9    6.1  100.0    7.0   30.2    0.0    7.8   24.5  841.0                                      
10908 20130915  3    5.2    5.0    8.0    9.2  100.0    5.0   20.1    0.1    7.5   17.1  846.5                                      
10908 20130914  3    6.7    6.6    8.5    9.7  100.0    5.0   16.8    0.0    7.9   10.7  851.2                                      
10908 20130913  3    3.5    3.7    5.3    7.0   99.8    4.0   15.5    1.1    7.5    2.4  854.6                                      
10908 20130912  3    3.5    3.6    4.1    4.7  100.0    5.0   16.5    0.0    7.6    9.1  850.8                                      
10908 20130911  3    2.1    1.9    3.1    4.7  100.0    6.0   21.6    0.0    7.5   42.9  849.4                                      
10908 20130910  3    2.1    2.3    4.9    7.3  100.0    5.0   23.4    0.9    7.2   12.4  850.0                                      
10908 20130909  3    2.5    3.0    5.7    8.0   94.9    5.0   21.8    5.9    6.1    9.0  853.2                                      
10908 20130908  3    5.8    5.6    8.9   10.5   99.7    5.0   23.2    0.1    7.4   20.9  853.3                                      
10908 20130907  3    7.4    8.3   13.0   16.5   91.3    4.0   30.3    3.6    6.9   29.1  853.2                                      
10908 20130906  3    9.4   14.3   16.6   18.8   64.7    3.0   10.1    9.8    3.3    6.2  851.0                                      
10908 20130905  3    6.5   16.1   17.6   20.0   60.3    2.0    6.1   10.9    0.3    0.0  854.0                                      
10908 20130904  3   10.0   12.5   17.1   20.7   55.0    3.0    9.4   12.3    0.2    0.0  858.7                                      
10908 20130903  3    2.7   11.2   14.6   18.7   61.1    3.0   11.0   12.4    0.2    0.0  861.3                                      
10908 20130902  3    2.7    4.6    9.5   12.5   47.7    3.0    8.5   10.0    2.3    0.0  860.2                                      
10908 20130901  3    2.4    4.7    7.5    9.2   94.8    3.0   11.3    1.2    7.3    0.4  858.5                                      
10908 20130831  3    3.3    9.0   10.3   12.8   86.5    3.0    8.2    8.3    5.6    0.3  857.1                                      
10908 20130830  3    2.7    9.4   11.4   14.2   79.0    2.0    6.7    6.6    4.2    0.0  856.0                                      
10908 20130829  3    5.5    7.1    9.4   12.8   91.7    4.0   12.0    7.0    4.3    0.0  855.6                                      
10908 20130828  3    6.0    6.6    8.2    9.6   96.9    4.0   10.6    0.2    7.4    1.7  852.5                                      
10908 20130827  3    5.5    7.5    8.5   10.4   96.2    3.0    9.9    0.1    7.0   30.7  848.7                                      
10908 20130826  3    4.4    5.7    8.1   12.3   90.9    3.0    9.9    3.2    5.6    1.7  847.6                                      
10908 20130825  3    5.1    5.8    7.2    8.7  100.0    4.0   11.2    0.1    7.5    1.3  847.3                                      
10908 20130824  3    8.5    8.4   11.7   15.2   91.3    4.0   13.8    1.7    6.3   14.9  849.5                                      
10908 20130823  3    4.6   12.2   14.5   17.0   67.1    2.0    7.3    6.9    3.8    0.0  852.6                                      
10908 20130822  3    6.0    8.4   11.7   16.7   73.1    4.0   12.1   12.3    0.9    0.0  854.1                                      
10908 20130821  3    4.9    5.9   10.0   14.8   75.8    5.0   16.9   13.2    0.7    0.0  857.3                                      
10908 20130820  3    4.3    6.0    8.3   11.5   87.1    4.0   15.1    7.8    3.5    0.1  859.7                                      
10908 20130819  3    6.7    7.4   10.8   14.3   95.7    5.0   20.4    1.6    6.7   11.4  854.3                                      
10908 20130818  3   10.7   12.7   14.5   17.1   70.3    5.0   16.5    6.5    5.8    0.4  854.0                                      
10908 20130817  3   10.6   13.1   15.4   18.7   64.5    4.0   11.1   11.8    1.9    0.0  854.6                                      
10908 20130816  3    6.3   11.7   14.7   17.9   57.5    3.0   11.5   11.9    0.7    0.0  855.3                                      
10908 20130815  3    4.8    7.1   10.5   14.2   76.9    3.0   10.6   12.1    2.4    0.0  856.7                                      
10908 20130814  3    1.3    5.6    7.5    9.3   87.9    3.0    6.8    4.0    4.8    0.0  856.3                                      
10908 20130813  3    4.8    6.1    7.9   10.4   92.8    4.0   10.9    5.2    6.5    0.0  854.2                                      
10908 20130812  3    6.6    9.3   11.6   14.5   82.0    4.0   17.4    7.6    4.0    0.8  853.0                                      
10908 20130811  3    5.6    8.6   10.4   13.1   84.5    3.0    8.8    7.4    2.4    0.0  855.0                                      
10908 20130810  3    5.0    9.2   11.1   13.8   86.0    3.0   10.2    4.7    6.3    0.0  856.3                                      
10908 20130809  3    6.4    8.1    9.8   11.1   94.5    3.0   11.6    3.3    6.4    0.4  856.2                                      
10908 20130808  3    9.6   10.0   11.9   14.7   90.5    3.0   15.2    2.3    7.0    1.9  852.6                                      
10908 20130807  3   10.0   10.0   13.2   16.7   85.9    5.0   19.5    2.3    6.7    9.9  850.0                                      
10908 20130806  3   13.2   14.5   17.2   20.3   84.3    4.0   14.0    9.2    3.7    6.5  853.7                                      
10908 20130805  3   11.8   14.9   19.1   22.4   64.8    3.0   10.7   13.2    1.8    0.0  855.5                                      
10908 20130804  3    9.8   11.9   15.3   17.3   86.1    3.0   23.9    9.0    3.3   11.7  857.9                                      
10908 20130803  3   13.1   14.7   18.1   21.3   72.1    3.0   20.7    9.6    2.9    0.9  857.1                                      
10908 20130802  3   14.7   18.6   21.3   23.7   47.3    4.0   12.2   12.5    0.5    0.0  855.4                                      
10908 20130801  3    9.2   15.1   19.2   22.2   46.6    3.0   10.9   14.1    0.1    0.0  855.6                                      
10908 20130731  3   10.5   10.5   13.6   17.6   89.2    4.0   18.5    7.8    4.3    0.0  857.2                                      
10908 20130730  3    7.9    8.6   10.4   13.0   96.1    5.0   18.0    5.4    6.3    0.2  857.0                                      
10908 20130729  3    8.8    8.7   10.4   12.1  100.0    5.0   18.3    0.1    7.6   46.4  853.4                                      
10908 20130728  3   11.0   11.1   15.7   20.7   77.9    5.0   19.4    4.3    6.3   60.3  851.6                                      
10908 20130727  3   14.1   18.3   22.0   24.9   49.9    4.0   18.7   14.0    1.3    5.5  851.4                                      
10908 20130726  3   12.7   15.7   19.6   22.6   64.8    3.0   10.3   11.3    2.9    0.0  854.2                                      
10908 20130725  3   11.1   14.5   16.4   19.2   82.0    4.0   12.4    7.1    2.5    0.8  855.1                                      
10908 20130724  3   10.5   12.0   14.6   16.6   86.3    3.0   12.5    3.3    4.8    3.1  853.8                                      
10908 20130723  3    7.7   14.9   18.1   20.4   67.4    2.0   10.0    6.4    3.0    4.6  853.4                                      
10908 20130722  3    7.1   17.2   18.8   21.2   60.0    2.0    8.2    8.9    1.9    0.0  855.7                                      
10908 20130721  3   11.7   14.5   17.4   20.2   67.0    4.0   12.0   13.2    0.9    0.0  856.2                                      
10908 20130720  3   10.8   13.1   16.2   19.3   70.7    4.0   15.7   13.2    1.2    0.0  855.3                                      
