10815 20140719  1   11.8   14.9   23.7   30.5   45.9    2.0    9.3   12.8    0.0    0.0  924.1                                      
10815 20140718  1   11.0   13.3   22.7   28.9   45.3    2.0    8.9   14.7    0.0    0.0  928.2                                      
10815 20140717  1   10.0   12.1   20.1   26.7   60.3    2.0    6.8   14.7    0.2    0.0  930.6                                      
10815 20140716  1   10.2   12.1   18.1   23.5   69.1    2.0    6.2    7.2    4.7    0.0  930.8                                      
10815 20140715  1    8.6   10.1   16.0   21.4   73.1    2.0    5.8    7.8    4.1    0.0  929.8                                      
10815 20140714  1   10.0   11.7   15.1   20.3   89.7    3.0   10.2    5.7    6.4    0.9  924.1                                      
10815 20140713  1   11.8   12.7   14.9   19.4   85.5    3.0   10.7    4.0    7.0   13.7  921.1                                      
10815 20140712  1   11.6   12.4   14.6   18.9   90.1    3.0   10.6    1.5    6.0    0.3  922.4                                      
10815 20140711  1   12.3   12.7   15.4   19.5   85.7    3.0   11.9    4.0    6.4    0.0  922.1                                      
10815 20140710  1    7.9    8.0   10.8   13.5   96.5    3.0   11.6    0.1    7.5    0.6  918.6                                      
10815 20140709  1    7.7    7.8    8.5    9.4   96.9    4.0   15.5    0.0    7.5   15.3  918.6                                      
10815 20140708  1    9.1    9.3   11.1   13.9   97.7    4.0   15.4    0.0    7.7   18.2  919.4                                      
10815 20140707  1   12.2   12.0   15.6   20.5   89.7    2.0   14.3    1.2    7.1   38.4  923.7                                      
10815 20140706  1   12.9   13.8   19.4   26.5   73.1    3.0   19.6   10.4    2.7   15.0  921.7                                      
10815 20140705  1   12.4   12.8   14.6   16.7   94.5    3.0   12.5    0.7    7.3    0.3  921.8                                      
10815 20140704  1    9.2   13.0   19.4   25.9   57.5    3.0   16.3    7.3    1.3   11.9  922.8                                      
10815 20140703  1    7.2    9.5   18.0   25.1   57.9    2.0    7.4   15.0    0.2    0.0  931.7                                      
10815 20140702  1    8.7   10.4   13.4   17.7   77.1    2.0    7.2    3.1    4.0    6.7  928.8                                      
10815 20140701  1    3.9    5.9   13.6   19.5   64.1    2.0    6.4    8.5    3.4    0.0  926.0                                      
10815 20140630  1    5.9    7.7   10.9   15.2   86.2    3.0   13.5    5.0    6.4    1.5  924.5                                      
10815 20140629  1    8.7    9.5   12.2   15.5   89.9    3.0   17.6    1.1    5.5    9.5  919.1                                      
10815 20140628  1   10.4   12.7   15.6   19.4   77.1    2.0   19.7    2.5    4.0    9.3  921.8                                      
10815 20140627  1    5.3    7.9   16.9   21.9   49.3    2.0    9.6    9.8    2.1    0.0  924.7                                      
10815 20140626  1    1.9    5.0   13.8   20.4   50.8    2.0    7.9   14.4    0.8    0.0  922.9                                      
10815 20140625  1    4.7    8.7   13.0   16.9   63.2    2.0   10.5    7.2    2.6    0.0  921.3                                      
10815 20140624  1    8.2   10.2   15.0   20.6   69.6    2.0    6.1    7.0    4.5    0.0  924.6                                      
10815 20140623  1    7.4   10.1   15.6   23.5   68.6    2.0    7.4    9.3    2.7    5.5  927.6                                      
10815 20140622  1    4.5    7.4   16.0   23.4   53.6    2.0    8.5   13.9    0.2    0.0  927.5                                      
10815 20140621  1    4.0    6.7   13.6   21.4   62.5    2.0    6.6   11.2    3.2    0.0  926.1                                      
10815 20140620  1    5.7    8.1   12.1   16.7   72.9    2.0   11.6    4.5    5.2    0.0  925.9                                      
10815 20140619  3    7.6   10.3   15.5   20.5   58.7    3.0   11.6   12.9    1.3    0.0  926.3                                      
10815 20140618  3    5.9    8.5   14.8   20.5   65.3    3.0    9.9   11.1    3.2    0.0  926.8                                      
10815 20140617  3    7.2    8.6   12.9   18.0   73.1    3.0    9.9    7.8    4.1    0.0  926.4                                      
10815 20140616  3    4.6    8.4   13.6   19.2   58.0    3.0    9.7   10.6    2.1    0.0  926.6                                      
10815 20140615  3    5.4    7.6   12.7   17.6   63.8    3.0   14.0   11.3    3.4    0.0  926.9                                      
10815 20140614  3    6.8    8.9   12.6   16.4   71.1    3.0   10.8    5.7    5.0    0.0  926.3                                      
10815 20140613  3    9.8   12.5   17.4   22.8   66.0    2.0   11.4    9.0    3.7    0.0  928.4                                      
10815 20140612  3   12.6   14.8   18.5   24.5   82.2    2.0    8.4    9.9    2.3   19.5  932.3                                      
10815 20140611  3   14.4   16.3   20.4   26.3   67.3    2.0   12.3    8.8    1.3    0.0  932.1                                      
10815 20140610  3   15.1   17.1   23.4   28.8   41.7    2.0   14.9    8.5    0.7    0.0  928.4                                      
10815 20140609  3   13.6   17.0   26.0   31.5   36.8    2.0   23.2   12.2    1.3    1.0  927.6                                      
10815 20140608  3   13.9   18.6   25.0   29.8   38.5    2.0   10.4   15.0    0.0    0.0  928.4                                      
10815 20140607  3    9.0   11.8   21.2   27.2   50.3    2.0    7.4   11.1    0.5    0.0  926.3                                      
10815 20140606  3    4.0    6.8   17.0   24.0   51.3    2.0    9.1   14.3    0.0    0.0  925.4                                      
10815 20140605  3    4.8    6.9   11.3   16.2   68.6    3.0   11.5   10.1    3.9    0.0  923.5                                      
10815 20140604  3    6.5    7.9   12.0   17.1   82.8    3.0   13.2    4.0    5.0    5.6  918.7                                      
10815 20140603  3    5.8    7.2   11.8   16.1   80.0    2.0    5.7    5.0    5.2    1.4  923.4                                      
10815 20140602  3    6.9    7.5   11.2   16.9   77.2    2.0    8.8    2.5    6.5    6.5  925.9                                      
10815 20140601  3    3.5    5.7   11.8   16.8   63.0    2.0    6.1    3.6    5.2    0.1  927.1                                      
10815 20140531  3    0.3    2.8    9.9   16.6   68.6    3.0   10.4    9.9    2.4    0.0  928.0                                      
10815 20140530  3    2.2    4.0    8.7   13.6   87.1    2.0    8.2    1.7    6.2    0.0  926.6                                      
10815 20140529  3    3.7    6.2   11.4   14.6   76.5    2.0    9.2    1.2    6.5    0.1  923.2                                      
10815 20140528  3    4.4    6.4   10.5   14.5   80.9    3.0    9.9    2.2    6.7    0.0  921.2                                      
10815 20140527  3    8.0    8.7   10.4   12.5   92.8    3.0   12.0    0.6    7.6    1.2  920.7                                      
10815 20140526  3    7.0    8.7   12.8   17.0   84.8    2.0   10.4    3.2    4.8    6.0  922.6                                      
10815 20140525  3    5.2    7.1   13.3   18.3   67.3    2.0    9.5    8.1    2.9    0.0  926.6                                      
10815 20140524  3    6.7    7.6   11.1   15.5   76.3    3.0    9.9    8.0    4.1    3.1  924.4                                      
10815 20140523  3    8.6    8.4   12.7   19.3   75.3    2.0    8.3    9.0    4.4    4.5  919.9                                      
10815 20140522  3    9.7   10.7   15.6   22.9   64.3    3.0   20.4    9.5    2.2    5.1  919.3                                      
10815 20140521  3    8.9   11.9   18.8   24.7   50.6    3.0    9.4   12.3    0.0    0.0  921.3                                      
10815 20140520  3    5.7    8.4   17.1   23.4   45.5    2.0    9.3   11.0    1.8    0.0  921.8                                      
10815 20140519  3    4.2    7.0   14.5   20.3   64.7    2.0    7.4    9.3    2.6    0.0  918.6                                      
10815 20140518  3    1.4    4.1   11.7   18.6   67.7    2.0    6.0    8.5    2.4    0.0  922.0                                      
10815 20140517  3    0.3    3.1    9.6   15.5   64.1    2.0    8.6    8.5    3.5    0.0  927.5                                      
10815 20140516  3    2.6    4.9    8.1   13.2   73.6    3.0   12.4    6.4    5.0    0.0  933.1                                      
10815 20140515  3    2.5    3.5    5.5    8.3   80.8    3.0   10.8    2.7    6.8    0.7  936.1                                      
10815 20140514  3    3.5    4.3    7.1   11.6   74.7    3.0    9.7    7.3    5.9    2.7  932.5                                      
10815 20140513  3    3.3    2.9    5.0    9.5   92.6    3.0   14.4    3.7    6.4   18.1  924.1                                      
10815 20140512  3    2.4    2.5    4.9    7.8   92.8    3.0   14.7    2.0    7.1   12.9  921.2                                      
10815 20140511  3    3.8    3.8    6.8   10.9   88.0    4.0   17.7    6.4    4.8   16.7  918.0                                      
10815 20140510  3    4.8    6.9   11.0   14.9   81.6    3.0   22.4    3.3    4.0   10.4  922.0                                      
10815 20140509  3    6.3    8.7   11.1   14.7   87.7    3.0   16.8    2.9    7.1    2.0  924.1                                      
10815 20140508  3    7.1    7.3   10.0   14.9   86.4    3.0   15.2    2.5    6.2   13.2  923.9                                      
10815 20140507  3    6.5    7.2    9.3   12.0   89.0    3.0   15.5    2.9    6.3   12.5  922.4                                      
10815 20140506  3    4.9    9.9   13.6   17.2   52.0    3.0   16.2    4.8    1.3    6.0  922.0                                      
10815 20140505  3   -2.0    0.6   10.1   17.6   55.0    2.0    8.7   13.1    0.0    0.0  924.1                                      
10815 20140504  3   -0.8    1.1    6.2   11.6   65.6    2.0   11.0   13.2    2.1    0.0  927.6                                      
10815 20140503  3    2.5    2.0    3.4    6.2   94.5    3.0   10.6    0.0           0.0  926.5                                      
10815 20140502  3    4.3    5.5    8.2   12.5   94.1    2.0   12.5    0.9    7.4    4.2  920.3                                      
10815 20140501  3    4.8    6.0    8.6   11.2   97.4    2.0    5.8    0.2    7.4    2.0  919.5                                      
10815 20140430  3    7.4    7.6    8.9   11.0   96.0    2.0    7.5    0.1    7.7    6.0  918.5                                      
10815 20140429  3    5.9    6.5    8.6   12.0   91.0    2.0    7.2    1.5    7.3    0.8  919.9                                      
10815 20140428  3    5.2    5.6    7.0    8.9   92.6    2.0    5.9    0.0    7.4    4.0  918.1                                      
10815 20140427  3    5.5    5.7    7.4   10.3   89.8    3.0   11.6    0.3    6.2    1.5  916.7                                      
10815 20140426  3    8.1    8.2   11.2   15.9   80.5    3.0   10.9    0.7    7.7   10.7  919.1                                      
10815 20140425  3    4.9    9.4   13.4   19.2   66.1    3.0   12.9    7.6    2.9    0.6  919.6                                      
10815 20140424  3    2.9    6.4   13.5   18.9   59.3    2.0    9.9   10.8    1.2    0.0  924.5                                      
10815 20140423  3    2.0    4.9   10.8   17.8   74.1    2.0   10.7    7.1    1.5    0.2  926.3                                      
10815 20140422  3    1.6    5.0    9.9   15.7   75.2    2.0    7.7    6.2    3.8    0.0  920.2                                      
10815 20140421  3    2.6    4.7    7.8   11.1   86.2    2.0    8.0    0.4    5.9    0.3  912.9                                      
10815 20140420  3    1.6    5.1    8.5   13.4   84.5    2.0    8.8    3.6    5.4    0.0  913.8                                      
10815 20140419  3   -2.4   -0.6    3.6    8.1   95.2    3.0   13.0    0.6    7.3    0.0  917.5                                      
10815 20140418  3   -1.8   -0.1    4.1    8.2   78.5    3.0   16.2    2.1    5.8    4.0  919.4                                      
10815 20140417  3   -4.6   -1.2    6.2   13.9   54.8    2.0    9.6   12.9    0.0    0.0  927.2                                      
10815 20140416  3   -4.9   -2.0    3.2    8.8   67.1    3.0   11.6    9.4    3.0    0.0  932.5                                      
10815 20140415  3   -2.6   -0.6    2.3    5.9   63.7    3.0   11.8   10.6    4.7    0.0  929.7                                      
10815 20140414  3    1.6    2.8    6.1    9.1   69.4    4.0   16.9    2.5    5.5    0.0  925.3                                      
10815 20140413  3    2.4    4.5    9.2   13.4   62.8    3.0   11.8   11.2    2.5    0.0  926.1                                      
10815 20140412  3    2.5    4.7   10.9   17.0   68.1    2.0   10.5    8.4    3.2    0.0  923.6                                      
10815 20140411  3    0.0    2.5    9.9   17.0   69.2    2.0    7.8   10.5    0.9    0.0  924.4                                      
10815 20140410  3   -0.6    1.9    8.4   15.0   67.1    2.0    7.3    7.5    3.6    0.0  928.3                                      
10815 20140409  3   -1.6    0.9    5.4   10.3   65.9    3.0   10.4   11.3    2.5    0.0  931.4                                      
10815 20140408  3    2.3    3.6    8.1   14.5   76.9    4.0   16.2    1.3    6.8    1.0  926.1                                      
10815 20140407  3    3.1    5.3   13.0   18.1   66.6    2.0    8.5    8.5    0.0    4.9  925.3                                      
10815 20140406  3    3.4    6.1   10.4   16.1   77.3    2.0    6.8    5.7    4.6    0.0  927.1                                      
10815 20140405  3    7.2    8.1    9.2   10.8   92.9    3.0    9.0    0.0    7.5    0.0  922.2                                      
10815 20140404  3    5.5    8.3   11.8   16.5   65.3    2.0    6.7    0.2    0.7    0.4  915.0                                      
10815 20140403  3    6.1    9.0   14.0   18.7   46.9    2.0    9.1    4.4    1.5    0.0  914.2                                      
10815 20140402  3    3.8    6.8   12.7   19.0   58.9    2.0    8.8    8.7    1.5    0.0  917.0                                      
10815 20140401  3    3.3    6.2   11.6   17.2   62.1    2.0    6.3    4.8    1.3    0.0  920.3                                      
10815 20140331  3    1.3    4.9   12.0   18.5   53.0    2.0    7.1   10.0    0.0    0.0  922.4                                      
10815 20140330  3   -0.2    3.4   11.5   19.0   51.6    2.0    5.5   10.4    0.0    0.0  923.7                                      
10815 20140329  3   -1.4    1.9    9.1   15.7   55.1    2.0    7.6   11.6    0.0    0.0  925.5                                      
10815 20140328  3   -2.5    1.3    7.5   13.3   57.5    2.0    6.3   11.0    0.1    0.0  922.0                                      
10815 20140327  3   -5.3   -2.2    4.8   10.6   62.1    2.0    8.1   11.3    0.1    0.0  917.1                                      
10815 20140326  3   -6.0   -3.0    1.2    6.1   79.3    2.0    9.6    2.5    4.4    0.0  916.8                                      
10815 20140325  3   -5.4   -3.0    0.4    5.3   84.6    2.0    7.9    3.8    4.7    0.0  915.8                                      
10815 20140324  3   -3.8   -1.9    0.7    4.3   87.4    3.0    8.6    3.3    6.9    0.0  918.0                                      
10815 20140323  3   -1.1    0.0    1.6    4.0   89.5    3.0    8.7    1.6    6.7    0.7  914.4                                      
10815 20140322  3    1.0    1.6    5.0    7.7   94.9    3.0   15.0    0.0    6.5   12.2  914.8                                      
10815 20140321  3    6.1    7.6   11.1   15.7   61.5    3.0   14.8    6.4    2.0    3.3  921.2                                      
10815 20140320  3   -0.8    2.5   11.1   18.0   50.1    3.0   10.5   11.3    0.0    0.0  927.0                                      
10815 20140319  3    0.5    3.8    6.7   10.5   71.9    3.0   16.6    5.8    4.5    0.0  931.6                                      
10815 20140318  3   -0.3    3.4    9.5   15.8   63.5    3.0   16.8    6.1    1.1    0.0  924.7                                      
10815 20140317  3    3.2    5.8    9.3   14.9   64.3    3.0   12.8   11.2    0.0    0.0  928.2                                      
10815 20140316  3    2.8    3.3    7.1   11.3   80.2    4.0   16.4    8.0    3.1    0.0  928.6                                      
10815 20140315  3    2.4    2.9    5.1    8.3   77.6    4.0   15.5    0.0    4.4    1.8  928.7                                      
10815 20140314  3   -1.0    3.4    9.2   16.2   51.6    2.0    8.5   11.0    0.0    0.0  931.9                                      
10815 20140313  3   -2.6    2.3    9.3   15.9   48.5    2.0    5.6   10.9    0.0    0.0  934.1                                      
10815 20140312  3   -1.9    2.0    7.9   15.2   46.8    3.0    8.1   10.9    0.0    0.0  935.0                                      
10815 20140311  3   -1.7    3.3    6.9   12.0   47.3    3.0   12.8    9.0    0.0    0.0  932.1                                      
10815 20140310  3   -1.6    2.3    7.4   13.6   53.8    2.0    8.6   10.8    0.0    0.0  929.8                                      
10815 20140309  3   -3.0    1.9    8.0   15.5   47.3    3.0    9.4   10.8    0.0    0.0  935.1                                      
10815 20140308  3   -2.3    2.0    6.3   11.9   66.8    3.0    8.3   10.6    0.0    0.0  936.2                                      
10815 20140307  3   -4.5   -0.6    4.4   12.8   76.6    2.0    5.4   10.4    0.1    0.0  931.7                                      
10815 20140306  3   -4.4   -0.9    2.6    7.7   80.7    2.0   10.0    7.6    1.5    0.0  932.4                                      
10815 20140305  3   -2.9    0.0    3.0    7.5   78.3    2.0    8.7    3.6    4.9    0.0  923.6                                      
10815 20140304  3   -1.7   -0.4    2.2    5.1   86.1    2.0    6.8    0.0    7.8    0.2  910.0                                      
10815 20140303  3   -2.4   -1.1    1.1    3.7   92.8    3.0   13.0    0.0    5.0    1.9  902.4                                      
10815 20140302  3   -3.1   -0.7    1.5    4.7   88.3    2.0    7.4    1.2    7.0    0.0  910.1                                      
10815 20140301  3   -0.7   -0.2    1.0    4.0   94.8    2.0    5.6    0.9    6.8    0.3  909.1                                      
10815 20140228  3   -0.4    0.1    1.6    5.6   95.5    3.0   11.0    2.6    7.0    2.5  911.6                                      
10815 20140227  3   -0.1    0.1    2.1    5.7   90.7    2.0   10.9    2.3    6.6    8.5  922.9                                      
10815 20140226  3    1.2    1.7    3.5    5.4   92.2    2.0    7.4    0.0    7.4    2.9  922.7                                      
10815 20140225  3   -0.4    2.1    5.8    9.4   62.4    3.0   11.2    6.9    2.1    0.7  921.1                                      
10815 20140224  3   -5.7   -2.9    4.4   11.5   66.2    2.0    9.9   10.0    0.0    0.0  923.4                                      
10815 20140223  3   -2.5   -0.2    2.0    7.7   90.9    2.0    5.8    5.0    4.3    0.0  927.5                                      
10815 20140222  3   -3.8   -1.5    0.8    4.4   90.5    3.0   15.0    5.5    4.5    4.1  922.8                                      
10815 20140221  3   -3.2   -0.9    3.1    5.3   94.6    3.0   11.6    0.7    6.1    5.6  917.5                                      
10815 20140220  3   -0.2    1.6    4.3    8.1   81.8    2.0   11.3    7.7    5.3    2.6  920.3                                      
10815 20140219  3    0.4    1.7    3.8    6.8   82.9    2.0    9.2    1.0    6.5    1.1  921.8                                      
10815 20140218  3   -2.8    0.0    4.3   10.3   72.6    2.0    8.2    7.1    0.4    0.1  921.6                                      
10815 20140217  3   -3.8   -1.5    2.6    6.8   81.1    2.0    6.4    5.1    4.6    0.0  921.9                                      
10815 20140216  3   -0.8    0.5    2.1    3.6   93.4    3.0   14.6    0.0    6.4    0.2  919.8                                      
10815 20140215  3    0.1    0.8    4.7    7.9   93.6    3.0   12.8    0.0    6.4   32.0  912.8                                      
10815 20140214  3   -3.7   -0.8    0.8    4.0   96.0    3.0   14.3    1.3    6.8    0.1  914.9                                      
10815 20140213  3   -1.8   -0.4    2.0    4.9   94.7    4.0   22.1    0.2    6.4   19.1  908.4                                      
10815 20140212  3   -3.7   -1.0    1.3    5.9   82.6    3.0   19.1    5.7    3.4    5.4  915.7                                      
10815 20140211  3   -4.2   -1.7    0.5    3.5   91.2                  2.5           0.4  912.6                                      
10815 20140210  3   -3.6   -1.7    0.3    2.7   85.3                  0.0           4.6  903.4                                      
10815 20140209  3   -4.0   -1.3    1.5    2.8   77.8                  1.9           0.1  907.5                                      
10815 20140208  3   -2.5   -1.7    1.8    5.6   87.2                  0.5          12.1  907.8                                      
10815 20140207  3   -1.4    1.4    4.8    9.3   77.0                  0.0           4.9  910.4                                      
10815 20140206  3   -1.1    1.4    3.7    7.9   74.9    3.0   11.9    4.2           0.1  914.1                                      
10815 20140205  3   -4.7   -2.3    2.0    5.6   82.3    3.0   16.3    0.0    6.2    0.4  909.9                                      
10815 20140204  3   -4.1   -2.1    1.7    3.9   90.3    2.0   10.4    0.9    5.7    0.0  916.9                                      
10815 20140203  3   -1.3   -1.9   -0.6    0.7   99.9    2.0    9.0    0.0    7.9    0.0  917.1                                      
10815 20140202  3   -0.1   -1.5    0.6    3.6   95.6    2.0    4.8    1.1    7.8    0.5  919.7                                      
10815 20140201  3   -3.0   -0.5    3.3    8.2   64.8    3.0   12.7    1.6    5.8    4.0  912.2                                      
10815 20140131  3   -3.4   -4.1    0.0    5.2   86.9    2.0    9.0    7.0    2.9    0.0  914.3                                      
10815 20140130  3   -2.9   -4.1   -1.4    2.9   83.3    2.0    5.6    2.7    6.9    0.0  911.1                                      
10815 20140129  3   -4.9   -5.0   -3.6   -1.1   94.5    2.0    6.8    1.5    7.2    0.0  906.3                                      
10815 20140128  3   -4.8   -4.8   -1.0    3.2   84.9    3.0    7.9    8.1    2.0    0.0  907.2                                      
10815 20140127  3   -0.9   -1.6    0.0    2.6   93.6    4.0   18.5    1.1    7.4    1.4  906.2                                      
10815 20140126  3   -1.8   -1.9   -0.3    1.5   92.4    4.0   22.3    2.4    7.4   13.2  915.2                                      
10815 20140125  3   -3.5   -2.5   -1.3    0.8   93.2    2.0   17.6    1.5    7.7    3.8  922.3                                      
10815 20140124  3   -5.6   -3.3   -1.6    0.2   97.8    3.0   14.4    0.1    7.3    2.0  920.3                                      
10815 20140123  3   -2.2   -0.9   -0.1    0.8   96.6    2.0   10.3    0.0    7.7   10.0  920.1                                      
10815 20140122  3   -0.7   -0.3    0.4    1.5   94.5    2.0    6.0    0.0    8.0    0.0  918.5                                      
10815 20140121  3   -0.1    0.2    0.5    1.2   99.9    3.0   12.4    0.0    7.9    0.6  917.1                                      
10815 20140120  3   -1.2   -1.2    0.1    1.1  100.0    3.0    9.5    0.0    7.8    1.3  909.6                                      
10815 20140119  3   -1.6   -1.4    3.5    8.3   79.8    2.0    9.5    0.4    6.9    0.0  906.3                                      
10815 20140118  3   -3.7   -0.9    2.3    6.2   85.3    2.0    5.8    3.6    3.5    0.0  909.7                                      
10815 20140117  3   -3.9   -1.5    1.6    4.7   96.8    2.0    8.3    1.8    4.5    0.0  911.9                                      
10815 20140116  3    0.0    0.5    3.8    6.4   89.8    3.0    9.8    0.0    7.8   10.7  912.8                                      
10815 20140115  3   -3.3   -1.5    0.2    2.6   88.5    3.0   10.5    3.5    6.8    0.3  917.5                                      
10815 20140114  3   -0.4   -0.1    1.7    3.0   98.7    2.0   10.1    0.0    7.7    3.1  914.5                                      
10815 20140113  3   -3.2   -1.9    3.4    6.3   94.2    2.0   10.8    2.4    5.0    3.3  920.6                                      
10815 20140112  3   -2.2   -1.3    1.1    3.3   98.7    2.0    5.8    0.0    7.4    0.0  928.3                                      
10815 20140111  3   -4.1   -1.6    3.3    6.1   96.1    3.0   14.1    0.1    6.5    9.1  925.3                                      
10815 20140110  3   -3.2   -1.3    1.6    4.3   93.9    2.0   11.2    2.2    5.6    0.0  925.0                                      
10815 20140109  3    0.7    1.3    8.4   12.0   65.3    4.0   18.2    2.5    6.3   21.5  921.6                                      
10815 20140108  3    3.8    6.9    8.2   10.2   84.0    3.0   12.9    1.1    4.4    0.0  927.7                                      
10815 20140107  3    4.0    5.5    8.4    9.9   72.0    3.0   14.8    1.0    6.0    0.6  924.6                                      
10815 20140106  3   -2.9   -1.1    4.6   10.4   81.8    2.0   18.3    2.4    5.5    0.2  920.4                                      
10815 20140105  3   -3.4   -1.1    1.4    5.3   95.0    3.0   16.9    0.5    5.6    3.2  916.2                                      
10815 20140104  3   -0.1    1.8    4.4    6.1   96.1    2.0    7.6    0.0    6.8    6.3  914.3                                      
10815 20140103  3   -1.5   -0.1    4.8    7.5   93.2    3.0   15.2    0.0    6.6    3.2  919.0                                      
10815 20140102  3    0.7    2.5    3.8    4.9   92.3    3.0   15.1    0.0    7.7   12.7  915.1                                      
10815 20140101  3   -0.3    1.6    3.2    6.1   85.0    3.0   12.4    4.2    6.4    3.8  919.4                                      
10815 20131231  3   -5.7   -3.0    0.4    5.0   78.4    2.0    9.6    7.0    4.4    0.8  924.0                                      
10815 20131230  3   -5.6   -2.9   -1.0    1.4   96.2    2.0    6.0    4.3    4.4    0.0  930.9                                      
10815 20131229  3   -3.8   -0.9    1.1    2.3   95.0    3.0   13.5    0.0    7.3    3.5  924.7                                      
10815 20131228  3    0.9    1.4    4.4    7.9   86.0    3.0   14.7    0.2    7.8   31.9  912.8                                      
10815 20131227  3   -3.0   -1.5    1.9    7.6   86.4    3.0   10.9    4.3    4.9    0.0  914.3                                      
10815 20131226  3   -0.1    0.0    1.0    2.3   98.1    3.0   11.3    0.0    7.8    4.2  905.0                                      
10815 20131225  3    0.9    1.7    4.8   11.3   84.6    3.0   13.2    0.0    7.4   27.2  902.6                                      
10815 20131224  3   -0.4    3.0    7.8   11.4   54.0    3.0    9.5    2.5    4.6    0.5  911.0                                      
10815 20131223  3   -0.2    3.0    5.2    6.8   92.6    3.0   15.6    1.2    4.7    1.4  924.9                                      
10815 20131222  3    4.1    5.3    6.6    8.3   83.8    4.0   20.8    0.5    6.9    5.5  928.8                                      
10815 20131221  3   -3.2   -0.9    3.1    6.5   89.5    3.0   12.2    5.4    4.7    0.0  935.1                                      
10815 20131220  3   -1.7    0.3    2.7    3.8   96.0    2.0   10.0    0.1    7.5    0.7  930.6                                      
10815 20131219  3   -2.4    0.9    4.1    6.7   89.8    3.0   19.4    0.0    7.5   14.4  919.0                                      
10815 20131218  3   -3.0    1.6    5.5    7.2   60.6    3.0   10.9    0.1    5.8    0.0  928.2                                      
10815 20131217  3   -3.6    5.4    9.1   12.1   28.6    3.0   10.0    7.2    0.4    0.0  932.9                                      
10815 20131216  3   -2.6    7.5   10.6   15.1   23.7    3.0    9.5    6.3    2.5    0.0  935.7                                      
10815 20131215  3   -2.3   -1.0    4.0    9.2   53.6    3.0    8.9    2.3    5.3    0.0  936.8                                      
10815 20131214  3   -3.3   -0.7    0.7    1.7   95.2    3.0   13.3    0.0    6.3    2.2  934.0                                      
10815 20131213  3   -3.8   -1.9    1.6    6.4   87.3    2.0    6.7    7.2    0.0    0.0  930.8                                      
10815 20131212  3   -4.2   -2.5    1.7    9.2   70.9    2.0    4.5    7.3    0.0    0.0  934.8                                      
10815 20131211  3   -3.2   -0.7    2.7    8.5   79.3    1.0    4.7    7.3    0.0    0.0  938.1                                      
10815 20131210  3   -3.7   -1.1    2.9    8.1   81.8    2.0    5.7    7.3    0.2    0.0  939.0                                      
10815 20131209  3   -2.8   -1.1    1.3    4.5   87.5    2.0    7.2    7.0    3.0    0.0  936.6                                      
10815 20131208  3   -0.7   -0.3    0.7    1.7   92.9    2.0    7.5    0.0    7.8    0.1  933.7                                      
10815 20131207  3   -1.9   -2.7   -1.2    0.4   92.8    3.0   13.8    0.6    7.8    0.7  932.7                                      
10815 20131206  3   -1.5   -2.3   -1.3    1.0   89.8    5.0   22.0    0.3    7.4    2.1  927.5                                      
10815 20131205  3   -1.3   -0.8    0.7    2.2   94.6    4.0   21.6    0.3    7.6    5.4  929.3                                      
10815 20131204  3   -7.5   -1.6   -0.1    1.9   87.0    3.0   12.9    3.7    3.6    0.1  932.1                                      
10815 20131203  3  -10.2   -5.5   -1.9    2.5   94.5    2.0    7.4    7.4    0.5    0.0  932.7                                      
10815 20131202  3  -10.0   -2.8   -0.6    1.8   96.5    3.0   13.0    1.9    5.1    0.0  934.2                                      
10815 20131201  3   -2.7   -2.2   -0.6    0.6   96.1    2.0    8.9    0.2    8.0    0.0  932.6                                      
10815 20131130  3   -6.6   -2.8   -0.9    0.3   98.2    2.0   10.4    1.2    6.7    0.3  925.4                                      
10815 20131129  3   -0.7   -0.5    0.4    1.2   92.5    3.0   13.1    0.0    7.9    9.3  929.5                                      
10815 20131128  3   -9.2   -6.5   -1.8    1.5   88.9    2.0    7.2    0.0    7.6    0.7  935.5                                      
10815 20131127  3  -11.7   -7.3   -5.4   -3.0   89.3    2.0    5.5    6.1    3.8    0.0  935.7                                      
10815 20131126  3  -10.9   -6.3   -4.1   -1.4   91.3    2.0    9.0    4.0    4.4    0.0  935.2                                      
10815 20131125  3   -7.0   -5.1   -3.0   -1.4   91.4    2.0   10.2    3.8    6.5    1.2  931.7                                      
10815 20131124  3   -3.2   -2.2    0.7    1.8   99.8    3.0   11.8    0.0    7.7    0.5  924.0                                      
10815 20131123  3   -0.1    0.0    0.6    1.4  100.0    3.0   12.7    0.0    8.0    0.2  917.8                                      
10815 20131122  3   -1.0   -1.0   -0.3    0.2  100.0    2.0   11.0    0.0    7.8    7.1  910.3                                      
10815 20131121  3   -2.6   -1.6   -0.6    0.0   98.7    2.0   10.5    0.0    7.7    1.6  905.3                                      
10815 20131120  3   -2.0   -1.1    0.1    1.5   98.6    3.0   10.0    0.0    7.8    0.6  911.2                                      
10815 20131119  3   -0.5   -0.1    2.3    5.1   98.0    2.0    7.8    0.0           6.5  912.1                                      
10815 20131118  3   -0.8   -0.8    5.1   10.9   89.3    2.0    7.9    7.9           0.0  918.5                                      
10815 20131117  3    0.4    0.1    1.2    1.8  100.0    2.0    8.6    0.0           0.0  927.1                                      
10815 20131116  3    0.4    0.2    0.9    1.8   99.6    3.0    9.6    0.0           0.0  932.3                                      
10815 20131115  3   -0.8   -0.6    0.0    1.1   96.6    3.0   13.2    0.0    7.9    0.0  928.1                                      
10815 20131114  3   -2.8   -1.0    0.8    2.0   96.6    2.0    9.3    0.1    7.0    0.8  926.9                                      
10815 20131113  3    0.9    0.8    1.7    2.5   99.6    2.0    9.7    0.0           0.3  933.7                                      
10815 20131112  3   -4.3   -2.3   -0.4    1.8   97.9    2.0    6.3    3.5    3.7    3.0  931.3                                      
10815 20131111  3   -2.1   -0.8    1.1    3.8   96.7    2.0    6.5    0.3    7.0    0.1  933.5                                      
10815 20131110  3    0.1    0.0    1.7    4.1   97.7    3.0   12.3    0.0    7.6   15.1  916.3                                      
10815 20131109  3   -0.8    1.3    4.7    7.6   88.0    3.0   22.8    3.6    5.3    8.4  920.2                                      
10815 20131108  3    7.3    7.5   10.0   11.1   92.5    3.0   15.1    0.2    6.8   24.7  918.7                                      
10815 20131107  3    9.0    9.3   10.5   11.4   88.3    3.0   16.0    0.1    7.8    0.9  920.9                                      
10815 20131106  3    3.8    4.1    7.4    9.8   94.9    4.0   18.2    0.0    7.5   21.1  914.8                                      
10815 20131105  3   -1.4    0.0    2.8    5.4   91.3    3.0   22.7    4.8    5.1   26.0  908.4                                      
10815 20131104  3    2.4    3.0    5.9    7.5   90.1    4.0   18.9    0.0    7.5   14.5  905.8                                      
10815 20131103  3    1.5    2.7    5.3   10.4   92.8    3.0   16.6    0.3    7.1    6.2  916.5                                      
10815 20131102  3    7.3    9.1   10.3   11.8   89.3    4.0   19.5    0.0    6.0   20.4  916.5                                      
10815 20131101  3    0.1    2.5    7.1   10.4   82.1    2.0   11.5    0.1    1.5   10.1  925.5                                      
10815 20131031  3   -3.2   -0.8    4.5    9.9   86.0    2.0    5.1    9.0    0.0    0.0  930.9                                      
10815 20131030  3   -2.1    1.5    4.8    8.6   84.7    2.0    7.3    7.3    2.2    0.0  930.7                                      
10815 20131029  3    2.3    4.0    6.5    8.5   92.5    3.0   13.5    2.9    4.2    2.9  923.9                                      
10815 20131028  3    6.7    7.0   12.7   18.3   69.8    4.0   21.6    5.0    5.0    8.8  917.9                                      
10815 20131027  3    8.9    9.2   11.7   15.5   86.6    4.0   19.0    3.5    6.5   12.6  922.1                                      
10815 20131026  3    9.6   12.8   15.7   19.4   69.7    3.0   11.7    8.6    0.0   12.0  925.4                                      
10815 20131025  3    4.8    7.1   13.8   18.7   68.5    2.0   10.7    2.2    2.5    0.0  925.1                                      
10815 20131024  3    5.5    7.4   11.6   16.4   81.7    2.0    8.0    9.2    2.0    0.0  926.3                                      
10815 20131023  3    6.5    9.2   12.6   17.2   79.5    3.0   17.3    0.0    4.0    1.3  920.8                                      
10815 20131022  3   10.5   13.0   15.7   19.4   65.1    3.0    7.8    4.0    1.4    0.0  920.8                                      
10815 20131021  3    7.6   10.0   13.0   16.1   85.3    2.0    8.2    3.1    2.9    0.0  926.1                                      
10815 20131020  3    9.4   10.9   12.3   13.6   92.0    3.0   10.9    0.2    4.6   10.7  925.5                                      
10815 20131019  3    2.7    4.8   12.9   18.9   80.5    3.0   11.7    8.6    1.2    3.3  923.7                                      
10815 20131018  3    3.4    6.3    9.2   13.7   87.5    2.0    7.2    7.3    2.8    0.0  925.9                                      
10815 20131017  3    7.1    7.7    9.2   11.6   84.8    4.0   17.7    4.3    5.6    0.4  925.6                                      
10815 20131016  3    5.4    5.5    7.2    9.9   86.8    3.0   13.6    1.7    5.9    2.3  921.9                                      
10815 20131015  3    5.2    5.8    8.2    9.6   94.6    3.0   16.7    0.0    7.6   35.2  919.2                                      
10815 20131014  3    5.6    6.2    8.9   11.4   94.5    2.0   10.4    0.7    7.3   16.4  924.7                                      
10815 20131013  3    2.6    2.3    5.4    9.1   88.1    2.0    8.6    5.2    4.6    8.3  925.6                                      
10815 20131012  3    0.1    0.3    2.0    4.4   97.6    2.0    5.7    1.3           1.5  922.7                                      
10815 20131011  3    0.8    1.4    3.1    5.7   95.8    2.0    5.0    1.9           1.3  919.9                                      
10815 20131010  3    0.7    1.1    4.5    8.7   96.1    3.0   15.2    0.0    6.9   14.0  917.3                                      
10815 20131009  3    7.3    8.0    9.2   11.4   88.6    2.0   11.5    0.3    7.9   16.2  927.5                                      
10815 20131008  3    9.1    8.9    9.9   11.8   92.5    1.0    4.0    0.0    7.8    0.7  931.5                                      
10815 20131007  3    8.2    7.8    9.2   13.1   93.8    2.0    7.8    1.7           0.0  931.9                                      
10815 20131006  3    8.4    8.0    9.7   11.0   97.0    2.0    8.8    0.0           1.9  930.5                                      
10815 20131005  3   10.9   10.9   13.5   16.4   94.6    3.0    9.0    0.9    7.5   11.8  925.0                                      
10815 20131004  3   10.1   10.1   15.0   18.5   84.3    2.0    9.1    1.2    6.5   16.7  927.0                                      
10815 20131003  3    0.7    2.0    8.9   15.4   83.3    2.0    6.5    7.0    2.5    0.0  926.6                                      
10815 20131002  3    1.3    3.3    6.9   12.4   89.0    2.0    7.3    5.1    1.0    0.0  924.8                                      
10815 20131001  3    2.5    4.9    8.9   13.6   89.5    2.0    5.7    1.9    5.3    0.0  919.4                                      
10815 20130930  3    5.6    5.8    7.4    9.0   90.5    2.0    5.0    0.0    7.7    0.1  915.9                                      
10815 20130929  3    7.7    8.1   11.0   14.2   89.4    3.0    9.9    1.6           0.0  915.9                                      
10815 20130928  3   11.5   11.3   13.5   17.3   91.7    2.0    6.7    2.2    7.3    0.3  919.8                                      
10815 20130927  3   10.6   11.4   13.7   17.7   88.4    1.0    6.1    1.0    7.2    0.0  923.6                                      
10815 20130926  3   11.6   11.8   15.2   18.9   80.5    3.0   10.3    5.0    6.0    0.0  923.4                                      
10815 20130925  3    6.5    8.9   14.6   19.1   79.8    3.0   10.7    8.2    1.3    0.0  921.6                                      
10815 20130924  3    4.6    6.3   12.7   20.6   84.0    2.0    5.4   11.3    0.0    0.0  925.2                                      
10815 20130923  3    5.2    8.0   12.3   17.8   84.4    2.0    6.2    8.0    2.8    0.0  932.1                                      
10815 20130922  3    4.2    6.0   11.9   18.5   84.5    2.0    5.0    9.3    2.3    0.0  934.9                                      
10815 20130921  3    4.7    6.7   10.8   16.0   84.9    2.0    7.2    6.8    2.3    0.0  933.2                                      
10815 20130920  3    6.9    7.3    9.7   12.9   88.0    3.0   13.9    1.1    7.8    0.4  926.0                                      
10815 20130919  3    3.3    4.7    7.9   11.9   85.5    3.0   10.4    3.8    5.7    0.2  921.8                                      
10815 20130918  3    7.6    7.6   10.6   12.7   92.9    4.0   19.5    0.2    7.5   14.3  911.2                                      
10815 20130917  3    3.6    3.9    5.8    8.1   93.6    3.0   16.1    0.5    7.5   33.8  915.0                                      
10815 20130916  3    4.5    4.9    8.0    9.7   94.5    4.0   16.9    0.1    7.4    9.9  914.4                                      
10815 20130915  3    8.9    8.9   12.1   14.7   94.1    3.0   14.6    0.1    6.9    3.3  919.9                                      
10815 20130914  3   10.2   10.3   12.4   14.7   93.8    3.0   10.9    0.0    7.5    4.4  924.6                                      
10815 20130913  3    7.8    8.1   10.1   14.2   87.9    2.0    7.5    2.7    6.2    0.3  929.1                                      
10815 20130912  3    8.1    8.0    8.6    9.8   95.3    4.0   13.9    0.1    7.7   15.6  925.0                                      
10815 20130911  3    6.5    6.8    7.7    8.6   94.3    3.0   14.0    0.0    7.6   19.9  923.5                                      
10815 20130910  3    6.3    7.0    9.2   11.2   89.2    3.0   14.5    4.0    5.9    4.9  924.0                                      
10815 20130909  3    7.9    8.6   11.0   14.0   78.8    3.0   13.7    7.0    4.9    8.5  927.3                                      
10815 20130908  3    9.9    9.9   13.2   16.3   92.8    3.0   13.7    0.8    7.2   10.6  926.8                                      
10815 20130907  3   12.8   12.8   16.7   22.1   89.8    2.0   16.6    2.1    5.4   22.6  926.0                                      
10815 20130906  3   12.0   14.2   20.0   25.5   64.8    2.0   10.1    9.1    1.1   15.7  922.4                                      
10815 20130905  3   11.5   13.2   19.7   25.9   64.4    2.0    5.9   10.7    0.0    0.0  925.8                                      
10815 20130904  3    8.2   10.4   18.1   24.8   68.5    2.0    5.9   12.4    0.0    0.0  931.5                                      
10815 20130903  3    7.5    9.0   16.4   23.2   72.7    2.0    6.8   11.8    1.2    0.0  935.0                                      
10815 20130902  3    5.7    6.9   12.8   18.2   62.3    3.0   10.2    9.0    2.9    0.0  934.3                                      
10815 20130901  3    7.8    8.1   12.1   15.5   81.0    2.0    9.8    4.1    4.0    0.0  933.2                                      
10815 20130831  3    8.6   10.2   14.3   18.7   76.6    3.0   12.5    5.3    3.0    0.8  930.6                                      
10815 20130830  3    6.8    8.8   14.5   20.1   73.2    2.0    5.3    8.5    1.8    0.0  929.4                                      
10815 20130829  3    6.4    8.9   14.3   19.6   73.9    2.0    7.1   10.9    1.0    0.0  929.8                                      
10815 20130828  3    7.1    8.6   12.7   16.3   88.8    2.0    4.7    0.9    5.4    0.0  926.6                                      
10815 20130827  3   11.2   11.3   12.9   16.1   94.0    2.0    8.1    0.3          28.6  922.4                                      
10815 20130826  3   10.7   10.6   12.8   16.9   91.2    2.0    8.4    1.5    7.1    3.7  921.1                                      
10815 20130825  3   10.1   10.4   11.9   14.3   91.8    3.0   10.6    0.4    7.4    1.2  920.6                                      
10815 20130824  3    8.9   10.1   14.2   21.0   88.4    2.0   14.1    3.6    3.7   14.7  922.1                                      
10815 20130823  3    9.2   10.6   15.9   20.8   69.6    2.0    6.4    6.0    0.1    0.1  925.5                                      
10815 20130822  3    6.5    9.0   15.2   20.4   65.5    2.0    9.0   10.9    0.0    0.0  928.0                                      
10815 20130821  3    5.5    8.5   13.9   19.8   72.5    2.0    9.3   13.1    0.1    0.0  932.2                                      
10815 20130820  3    6.6    8.6   12.4   18.2   75.5    2.0    7.2    7.7    2.3    0.0  934.7                                      
10815 20130819  3    8.5   10.6   15.4   18.8   75.4    3.0   14.8    4.3    3.3    5.3  927.1                                      
10815 20130818  3   13.5   15.5   18.7   23.5   61.7    3.0    9.5    6.1    1.4    0.2  926.1                                      
10815 20130817  3   11.5   13.7   19.1   24.8   59.7    3.0    9.2   12.5    0.3    0.0  926.6                                      
10815 20130816  3    6.7    8.8   17.3   24.7   57.8    2.0    6.8   13.1    0.2    0.0  927.9                                      
10815 20130815  3    5.7    7.0   14.3   20.3   63.2    2.0    6.7   13.4    1.2    0.0  930.9                                      
10815 20130814  3    4.9    6.3   11.4   15.8   75.7    2.0    5.5    5.4    3.3    0.0  931.0                                      
10815 20130813  3    7.3    8.9   12.9   16.3   76.6    3.0    8.8    5.5    3.9    0.0  928.1                                      
10815 20130812  3    8.9    9.7   15.6   20.5   71.3    2.0   11.5    8.1    5.2   12.4  926.0                                      
10815 20130811  3    9.9   10.5   15.3   19.8   69.8    2.0    8.1    9.1    5.5    0.0  928.4                                      
10815 20130810  3    9.8   11.6   16.0   21.0   69.3    3.0    9.5   10.2    2.8    0.0  929.5                                      
10815 20130809  3   10.4   12.3   14.4   18.4   82.3    2.0    8.1    3.2    5.4    0.0  929.8                                      
10815 20130808  3   12.5   12.9   15.5   19.0   89.3    2.0    5.3    0.2    5.8    3.6  925.8                                      
10815 20130807  3   13.6   13.7   17.0   23.6   85.0    3.0   16.5    2.3    3.2    3.6  922.3                                      
10815 20130806  3   13.9   14.8   19.7   25.7   83.1    2.0   10.7    7.6    2.6   16.9  925.5                                      
10815 20130805  3   12.5   14.0   22.4   29.8   62.5    2.0   12.9   13.2    0.2    6.6  927.0                                      
10815 20130804  3   13.6   14.9   19.1   23.6   67.5    2.0   14.4    8.4    2.0    1.5  930.6                                      
10815 20130803  3   15.8   17.1   22.2   26.7   59.0    3.0   14.3    7.8    0.8    0.0  928.8                                      
10815 20130802  3   15.8   18.5   25.3   31.6   42.4    2.0    9.0   12.2    0.6    0.0  926.1                                      
10815 20130801  3   11.0   12.7   21.9   29.7   56.5    2.0    7.6   14.2    0.0    0.0  927.2                                      
10815 20130731  3   13.9   15.4   18.3   23.5   72.8    2.0   11.3    8.0    4.7    0.0  929.8                                      
10815 20130730  3   12.5   12.9   16.0   20.2   79.1    3.0   12.9    6.0    6.0    0.1  930.0                                      
10815 20130729  3   12.5   13.1   14.6   16.4   95.5    2.0    9.6    0.0    6.4   34.2  926.5                                      
10815 20130728  3   14.5   14.2   18.1   26.6   87.2    3.0   17.0    3.6    5.0   34.2  923.4                                      
10815 20130727  3   15.7   16.2   26.1   32.8   49.1    2.0   29.1   12.9    1.0   37.2  921.7                                      
10815 20130726  3   14.7   17.5   23.0   28.5   63.4    2.0    9.1   10.5    0.5    0.0  925.4                                      
10815 20130725  3   14.2   15.4   20.9   26.1   70.6    2.0   10.2    9.1    3.0    0.0  926.8                                      
10815 20130724  3   14.5   15.8   19.3   22.8   74.0    3.0   10.3    4.4    3.8    0.0  925.7                                      
10815 20130723  3   13.2   15.4   20.3   27.4   64.9    2.0   11.4    6.9    2.3    1.6  924.6                                      
10815 20130722  3   12.8   14.8   21.5   28.6   58.8    2.0    8.6   12.0    1.2   16.2  927.1                                      
10815 20130721  3   11.6   15.1   21.8   27.8   50.6    2.0    8.1   14.6    0.0    0.0  928.5                                      
10815 20130720  3   11.7   15.1   20.9   26.2   55.0    2.0    9.2   14.3    0.2    0.0  928.1                                      
