10738 20140719  1    9.8   15.1   25.1   33.1   52.3    1.0    5.4   13.4    3.4    0.0  968.6                                      
10738 20140718  1    8.6   14.1   23.4   30.8   55.1    1.0    6.9   14.9    1.5    0.0  973.2                                      
10738 20140717  1   10.5   15.3   22.5   28.4   57.0    1.0    5.5   15.0    2.0    0.0  975.9                                      
10738 20140716  1    9.9   13.6   20.8   26.6   64.4    1.0    6.0   11.0    2.8    0.0  976.2                                      
10738 20140715  1   10.7   15.2   19.9   24.9   64.1    1.0    6.3   11.3    4.1    0.0  975.3                                      
10738 20140714  1   12.5   15.2   18.6   22.7   80.5    2.0   10.0    3.6    6.2    2.8  969.4                                      
10738 20140713  1   14.1   15.2   18.6   24.0   74.5    2.0   10.5    3.2    7.0    0.9  966.3                                      
10738 20140712  1   14.4   15.8   18.1   21.7   83.6    2.0   10.3    1.7    7.0    0.5  967.6                                      
10738 20140711  1   11.5   13.5   18.4   23.3   77.6    2.0    7.0    5.7    6.5    1.1  967.3                                      
10738 20140710  1   10.6   11.4   13.5   15.6   86.8    2.0    5.5    0.0    7.6    3.1  964.4                                      
10738 20140709  1   10.5   11.3   12.1   12.8   89.8    3.0   10.2    0.0    7.9    6.1  964.2                                      
10738 20140708  1   11.3   12.6   14.4   16.4   92.3    2.0    9.3    0.5    7.4    8.6  964.7                                      
10738 20140707  1   13.7   14.2   19.2   23.9   81.5    2.0   15.5    2.5    7.0   21.3  969.5                                      
10738 20140706  1    9.5   14.4   23.2   30.6   61.5    2.0   19.4   13.3    4.2   25.9  966.6                                      
10738 20140705  1   12.5   15.7   19.3   23.6   74.6    2.0   13.4    3.4    6.9    0.0  967.0                                      
10738 20140704  1    4.4   11.9   21.9   30.1   52.5    2.0   16.2    9.4    5.4    1.3  967.6                                      
10738 20140703  1    4.8   10.2   19.8   26.8   56.7    2.0    5.5   14.7    3.0    0.0  977.5                                      
10738 20140702  1    7.0   12.8   17.0   21.8   65.0    1.0    7.0    6.7    4.5    1.7  974.7                                      
10738 20140701  1    3.2    9.1   17.1   22.7   57.9    2.0   10.4   10.7    4.1    0.0  972.1                                      
10738 20140630  1    8.7   12.0   14.7   20.2   73.2    2.0   11.2    5.2    6.0    0.8  970.5                                      
10738 20140629  1    9.4   12.2   16.3   19.6   76.3    3.0   11.6    1.5    7.0    3.5  964.7                                      
10738 20140628  1    8.2   14.4   18.2   23.0   72.1    2.0    8.3    2.9    7.2    2.8  967.3                                      
10738 20140627  1    3.1    8.7   18.9   25.4   50.2    2.0    6.8    8.0    4.5    0.0  970.0                                      
10738 20140626  1   -0.2    6.6   15.9   22.5   50.9    2.0    6.4   15.0    2.7    0.0  969.0                                      
10738 20140625  1    2.3   10.6   16.0   19.9   58.3    3.0   11.2    8.5    4.0    0.1  967.2                                      
10738 20140624  1    8.1   13.8   18.7   24.1   55.2    2.0    6.7   12.5    3.1    0.2  970.3                                      
10738 20140623  1    3.3   10.6   18.5   25.1   57.2    2.0    7.7   10.9    3.7    3.1  973.5                                      
10738 20140622  1    2.6    8.5   17.7   24.6   55.1    2.0    9.5   14.9    2.0    0.0  973.4                                      
10738 20140621  1    1.4    7.9   15.5   21.6   58.4    2.0    6.5   12.6    2.7    0.0  972.5                                      
10738 20140620  1    3.5   10.7   14.9   18.9   66.7    3.0   11.0    6.9    5.5    0.0  972.2                                      
10738 20140619  3    8.6   12.3   18.0   22.6   57.0    3.0   10.7   13.1    4.8    0.0  972.0                                      
10738 20140618  3    5.2   10.7   17.8   23.8   61.9    2.0    7.4   10.9    3.9    0.0  972.7                                      
10738 20140617  3    8.5   12.1   14.9   21.0   73.7    2.0   10.2    4.2    6.7    3.6  972.9                                      
10738 20140616  3    6.8   11.5   17.1   22.1   49.2    2.0    9.4   10.1    4.0    0.0  972.7                                      
10738 20140615  3    2.4    9.2   16.1   21.1   56.5    3.0   10.1    8.7    3.2    0.0  973.3                                      
10738 20140614  3    3.9   11.5   16.1   19.7   61.0    2.0   10.1    7.8    4.3    0.0  972.4                                      
10738 20140613  3   11.4   15.9   20.6   24.9   53.5    2.0    9.5   11.9    4.2    0.0  973.9                                      
10738 20140612  3   11.7   16.7   22.2   27.7   68.3    2.0    7.6   12.7    3.4    0.0  977.7                                      
10738 20140611  3   13.7   17.5   22.4   28.3   69.2    2.0   11.8    8.0    6.0    0.0  977.3                                      
10738 20140610  3   13.2   17.5   24.2   33.2   55.5    2.0   16.5    8.8    4.7   11.2  972.7                                      
10738 20140609  3   10.3   16.0   26.2   34.6   49.3    1.0    7.1   13.6    1.9    0.0  971.8                                      
10738 20140608  3    7.8   14.0   24.9   32.8   54.7    1.0    5.4   14.1    0.5    0.0  972.9                                      
10738 20140607  3    6.0   11.6   22.3   30.1   57.5    1.0    5.5   11.8    2.8    0.0  971.2                                      
10738 20140606  3    1.4    6.8   18.2   26.7   55.5    1.0    6.4   15.0    2.4    0.0  971.1                                      
10738 20140605  3    2.9    7.7   14.3   20.1   64.9    2.0    8.4   10.5    3.7    0.0  969.8                                      
10738 20140604  3    2.8    7.5   14.2   21.6   81.4    2.0   12.9    6.7    5.4    2.8  964.6                                      
10738 20140603  3    4.8   10.0   14.4   20.8   75.5    2.0   10.5    5.0    5.9   13.0  969.4                                      
10738 20140602  3    7.1   11.5   14.7   19.1   68.9    2.0   10.0    5.1    6.2    1.7  972.1                                      
10738 20140601  3    0.8    7.1   14.2   20.2   60.5    1.0    7.7    4.9    5.8    2.0  973.4                                      
10738 20140531  3   -2.0    2.7   12.7   19.4   63.7    2.0    6.9   11.6    3.3    0.0  974.8                                      
10738 20140530  3   -1.1    5.7   10.5   13.7   76.9    2.0    6.8    0.9    6.9    0.1  974.0                                      
10738 20140529  3    5.3    9.4   14.2   18.2   71.9    2.0    8.3    4.1    6.6    0.4  969.2                                      
10738 20140528  3    7.2   10.7   14.0   17.5   71.1    2.0    8.8    1.3    6.8    0.0  967.2                                      
10738 20140527  3   11.4   12.4   14.3   17.6   81.0    3.0   11.9    1.9    7.2    1.4  966.3                                      
10738 20140526  3    9.0   12.1   14.6   18.8   86.9    2.0   10.8    1.7    7.2    1.3  968.6                                      
10738 20140525  3    2.9    8.4   16.3   22.2   62.3    2.0    9.5   11.0    5.3   13.3  972.8                                      
10738 20140524  3    3.1    9.2   14.4   19.7   72.1    2.0    8.9    6.7    4.4    2.0  970.6                                      
10738 20140523  3    6.1   12.2   15.9   20.8   71.7    2.0    6.7    7.5    4.8    3.2  965.9                                      
10738 20140522  3    7.8   13.4   19.2   26.5   60.1    2.0   16.2    8.7    5.3    0.3  964.5                                      
10738 20140521  3    4.7    9.4   19.9   27.6   55.1    2.0    9.5   12.7    5.5    0.0  966.5                                      
10738 20140520  3    2.0    8.2   18.2   26.1   54.8    1.0    5.8   13.1    3.4    0.0  967.2                                      
10738 20140519  3    2.2    7.5   15.9   22.5   66.6    1.0    8.5    8.7    3.0    1.7  964.3                                      
10738 20140518  3    0.7    6.0   14.0   20.0   65.6    2.0    6.4   12.2    2.6    0.0  968.2                                      
10738 20140517  3   -0.1    5.5   12.7   17.6   60.1    2.0    7.1    6.6    4.3    0.0  974.2                                      
10738 20140516  3    6.4    7.8   11.7   15.9   65.3    3.0    9.4    8.4    6.0    0.0  980.5                                      
10738 20140515  3    6.7    7.2    9.6   11.8   69.7    3.0   10.5    4.6    6.5    1.1  983.9                                      
10738 20140514  3    3.6    7.6   10.4   14.5   66.7    3.0   11.6    9.8    5.0    0.7  979.7                                      
10738 20140513  3    5.1    6.3    9.0   14.2   79.0    3.0   12.0    4.1    6.8    4.3  970.9                                      
10738 20140512  3    4.1    6.0    8.3   12.8   82.3    3.0   15.9    3.8    5.5    3.7  968.1                                      
10738 20140511  3    4.7    7.1   10.7   16.4   75.0    3.0   20.1    7.3    5.4    3.4  964.3                                      
10738 20140510  3    2.4    7.2   13.7   19.0   73.7    2.0   15.3    3.9    6.1    0.8  968.2                                      
10738 20140509  3    6.9   10.3   14.9   20.2   75.2    3.0   14.1    5.8    5.9    0.7  970.1                                      
10738 20140508  3    6.6    9.1   13.8   18.6   71.4    3.0   12.1    4.0    6.5    2.2  970.2                                      
10738 20140507  3    6.6    9.4   13.7   16.6   69.4    3.0   12.6    3.4    6.2    1.8  968.5                                      
10738 20140506  3   -0.4    5.6   14.9   20.9   55.3    2.0   11.2    7.1    6.0    1.0  967.7                                      
10738 20140505  3   -1.0    3.5   11.4   18.3   61.9    1.0    4.3   13.1    4.7    0.0  971.0                                      
10738 20140504  3   -2.2    2.6    9.1   14.3   61.5    2.0    8.8   12.9    3.0    0.0  975.2                                      
10738 20140503  3    5.0    5.4    6.8    8.2   79.5    2.0    7.7    0.0    7.8    0.0  974.3                                      
10738 20140502  3    7.0    7.6   11.2   15.3   88.6    2.0   13.9    0.7    7.4    3.0  966.9                                      
10738 20140501  3    5.4    9.4   11.8   14.8   89.9    2.0    7.0    1.4    7.0    2.6  965.8                                      
10738 20140430  3    6.9   10.0   12.5   17.8   84.0    2.0    8.4    1.8    7.2    0.5  964.5                                      
10738 20140429  3    8.4    9.9   12.5   15.4   79.1    1.0    5.9    0.8    7.3    0.4  966.2                                      
10738 20140428  3    6.2    9.0   10.9   12.6   81.9    2.0    7.2    0.0    7.7    0.0  964.4                                      
10738 20140427  3    7.9    9.3   10.9   13.2   86.7    2.0    8.1    0.3    7.6    0.6  962.9                                      
10738 20140426  3    6.3    9.8   14.9   19.4   75.2    2.0    8.0    4.5    6.5   20.7  964.9                                      
10738 20140425  3    1.6    9.6   16.5   23.7   60.0    2.0    9.5   11.4    4.5    6.0  965.0                                      
10738 20140424  3   -0.7    5.3   14.6   22.7   61.9    2.0    8.6   12.8    1.8    0.0  970.7                                      
10738 20140423  3    0.2    6.1   13.8   20.3   66.0    1.0    8.4    8.7    3.9    0.0  972.5                                      
10738 20140422  3    0.9    6.1   12.4   17.7   73.0    2.0    8.1    7.7    4.9    0.0  966.5                                      
10738 20140421  3    0.0    5.0   11.0   15.7   78.2    1.0    6.6    5.4    6.4    1.2  959.0                                      
10738 20140420  3    0.6    6.1   11.9   17.7   68.7    2.0    8.9    4.7    2.9    0.0  960.0                                      
10738 20140419  3    1.2    2.8    7.8   14.5   82.5    2.0    7.8    1.8    6.7    0.0  964.9                                      
10738 20140418  3   -0.7    3.2    5.9    9.6   76.9    2.0    9.8    0.5    7.0    2.0  966.5                                      
10738 20140417  3   -7.0   -1.1    8.0   15.5   50.4    2.0    8.3   13.1    2.1    0.6  974.8                                      
10738 20140416  3   -6.2   -0.4    6.1   11.3   62.1    2.0    9.0    8.9    2.8    0.0  981.0                                      
10738 20140415  3   -0.6    2.1    5.1    7.5   61.4    3.0    8.6    2.8    5.3    0.0  977.8                                      
10738 20140414  3    2.8    4.9    9.3   13.5   62.5    4.0   16.1    2.8    5.7    0.9  971.9                                      
10738 20140413  3    3.3    8.2   13.0   17.6   49.8    3.0   10.5   11.9    4.0    0.0  972.5                                      
10738 20140412  3    0.3    5.4   13.0   19.6   62.2    1.0    7.3    7.9    6.0    0.0  969.9                                      
10738 20140411  3   -1.1    3.3   11.8   18.6   65.8    2.0    7.9   12.6    2.3    0.0  971.2                                      
10738 20140410  3    0.1    6.0   10.6   15.8   62.1    2.0    4.2    5.5    6.3    0.0  975.5                                      
10738 20140409  3    3.0    4.8    9.2   13.5   55.8    3.0   10.0   10.7    5.2    0.0  978.6                                      
10738 20140408  3    5.8    7.5   12.0   15.7   66.5    4.0   15.3    3.6    6.3    0.6  972.4                                      
10738 20140407  3   -0.5    5.0   14.1   21.4   62.3    1.0    5.1    8.3    4.6    2.3  971.4                                      
10738 20140406  3    1.7    7.8   13.6   19.0   69.4    1.0    7.0    5.5    5.3    0.0  973.4                                      
10738 20140405  3    5.1    9.6   12.2   14.2   83.4    2.0    7.1    0.0    7.5    0.5  968.3                                      
10738 20140404  3    4.8    9.2   15.0   20.9   56.0    2.0    5.9    3.8    6.9    0.0  960.4                                      
10738 20140403  3    0.7    6.7   14.2   21.1   57.1    2.0    7.6    4.1    6.7    0.0  959.8                                      
10738 20140402  3   -0.2    5.8   13.9   21.4   57.1    1.0    5.7    8.9    4.0    0.0  962.6                                      
10738 20140401  3    0.2    4.9   12.7   20.1   58.2    1.0    4.5    7.8    6.5    0.0  966.2                                      
10738 20140331  3   -1.4    3.9   11.2   19.2   61.7    1.0    5.0    6.9    6.0    0.0  968.6                                      
10738 20140330  3   -3.4    2.6   11.4   20.1   56.4    1.0    6.0   11.1    2.3    0.0  970.1                                      
10738 20140329  3   -3.5    2.0   10.4   18.5   57.8    2.0    9.2   10.8    2.5    0.0  972.5                                      
10738 20140328  3   -4.9    1.1    9.3   16.3   58.7    2.0    7.9   11.7    2.2    0.0  969.2                                      
10738 20140327  3   -6.7   -1.5    6.9   13.8   59.5    2.0    7.5   11.2    3.9    0.0  964.3                                      
10738 20140326  3   -7.1   -2.0    4.1    9.9   71.3    2.0    7.4    6.8    4.9    0.0  964.6                                      
10738 20140325  3   -6.2   -1.3    3.4    9.0   77.5    2.0    9.0    9.5    3.3    0.0  963.8                                      
10738 20140324  3   -3.4    0.7    3.1    6.2   84.4    2.0    8.9    3.1    6.9    3.6  965.8                                      
10738 20140323  3   -1.2    1.6    5.5    7.5   72.6    2.0    9.2    0.0    7.3    0.0  961.5                                      
10738 20140322  3    3.8    5.5    9.9   12.7   74.9    2.0   12.5    0.0    7.5    3.6  961.4                                      
10738 20140321  3   -0.4    5.8   13.9   20.4   50.4    3.0   16.0    8.1    4.3    0.1  967.1                                      
10738 20140320  3   -5.5    0.8   11.2   22.0   57.5    2.0    8.6   11.4    2.3    0.0  973.5                                      
10738 20140319  3   -2.2    4.4   10.0   14.2   60.9    3.0   12.9    3.5    5.9    0.0  978.5                                      
10738 20140318  3   -3.6    2.3   10.8   18.9   60.7    2.0   13.0    7.4    5.6    0.0  971.2                                      
10738 20140317  3   -2.4    3.5   11.0   18.0   61.9    2.0    8.3   11.5    3.0    0.0  974.7                                      
10738 20140316  3    0.1    6.3    9.7   15.6   71.5    3.0   11.2    3.3    5.1    0.0  975.1                                      
10738 20140315  3   -0.7    4.4    7.4   11.2   73.8    3.0   12.9    0.0    7.3    1.1  975.4                                      
10738 20140314  3   -5.1    0.7    8.7   17.5   60.0    1.0    5.7   10.6    0.0    0.0  978.7                                      
10738 20140313  3   -5.5    0.1    8.8   17.3   56.4    1.0    6.8   10.9    0.0    0.0  981.3                                      
10738 20140312  3   -5.3    1.7    9.8   18.2   46.3    2.0    9.9   11.0    0.1    0.0  982.6                                      
10738 20140311  3   -5.6    0.6    7.3   14.8   56.4    2.0   10.0    9.9    3.3    0.0  980.1                                      
10738 20140310  3   -5.1    2.4    9.1   15.9   54.5    2.0    7.9   10.9    0.9    0.0  977.3                                      
10738 20140309  3   -5.5   -1.7    9.0   18.3   52.5    2.0    7.9   10.9    0.8    0.0  982.8                                      
10738 20140308  3   -6.1   -0.6    6.6   15.0   69.7    2.0    7.6   10.2    0.5    0.0  984.3                                      
10738 20140307  3   -6.5   -1.6    6.0   13.9   71.8    1.0    5.0   10.0    1.4    0.0  979.6                                      
10738 20140306  3   -6.6   -1.4    4.5   10.1   76.1    1.0    8.2    6.9    1.7    0.0  980.8                                      
10738 20140305  3   -4.1    1.2    6.1   10.1   73.0    2.0    7.7    2.4    5.3    0.0  971.1                                      
10738 20140304  3   -0.3    2.7    6.4   10.5   72.3    2.0    8.1    3.6    6.8    0.0  956.6                                      
10738 20140303  3   -5.1    0.3    4.6    9.3   79.4    2.0    6.8    0.6    6.1    0.1  949.4                                      
10738 20140302  3   -4.0    0.6    4.3    7.6   82.6    1.0    4.8    2.6    6.3    0.0  957.5                                      
10738 20140301  3   -2.7    1.5    4.7    7.9   81.3    1.0    4.4    1.6    7.1    1.0  956.3                                      
10738 20140228  3    0.2    2.1    5.9   10.1   76.1    2.0    7.7    5.0    6.5    0.3  959.0                                      
10738 20140227  3    2.5    3.6    5.6    9.4   81.0    2.0    9.2    2.3    7.3    0.4  970.7                                      
10738 20140226  3    2.4    4.6    7.0   11.3   82.4    2.0    7.7    3.2    7.2    2.5  970.1                                      
10738 20140225  3   -7.0   -1.7    5.9   13.6   66.9    2.0    8.1    7.8    5.1    1.3  968.4                                      
10738 20140224  3   -8.4   -3.4    4.2   12.5   67.9    1.0    4.3   10.4    0.7    0.0  971.0                                      
10738 20140223  3   -6.2   -0.9    5.4   10.2   78.5    1.0    6.0    7.6    3.9    0.0  975.7                                      
10738 20140222  3   -5.0   -1.5    4.0    8.9   77.6    2.0    9.1    5.4    4.7    0.2  970.9                                      
10738 20140221  3   -3.7   -0.1    5.5    8.3   86.2    2.0   14.5    0.7    6.0    3.0  964.8                                      
10738 20140220  3   -2.7    2.2    6.7   11.8   73.4    2.0    7.0    8.8    3.7    1.1  967.6                                      
10738 20140219  3   -0.2    3.4    6.2    9.2   75.9    1.0    5.7    0.0    7.2    0.0  969.2                                      
10738 20140218  3   -5.7   -2.1    3.8   10.1   83.0    1.0    3.7    4.8    7.0    0.0  969.2                                      
10738 20140217  3   -4.6   -0.2    4.9   10.7   76.2    1.0    4.3    6.9    3.1    0.0  969.7                                      
10738 20140216  3   -3.7    0.3    5.3    7.8   79.7    3.0   11.2    0.0    6.6    0.0  967.1                                      
10738 20140215  3   -0.9    3.7    7.2   11.3   84.1    2.0   10.3    0.0    7.3    6.3  959.4                                      
10738 20140214  3   -3.3    1.1    4.7    8.1   73.7    2.0    7.7    4.6    5.6    0.1  962.7                                      
10738 20140213  3   -3.7    2.3    5.4    8.5   80.5    3.0   16.4    1.2    6.6   10.4  955.3                                      
10738 20140212  3   -6.1   -1.8    3.3    8.3   75.0    2.0    7.9    6.7    5.0    0.1  963.2                                      
10738 20140211  3   -6.1   -1.8    3.6    7.7   77.3    2.0    8.4    3.8    5.2    0.0  960.0                                      
10738 20140210  3   -7.0   -2.8    2.1    4.6   81.8    2.0   14.4    0.0    6.5    1.2  950.6                                      
10738 20140209  3   -6.7   -0.8    4.3    8.1   72.1    3.0   14.1    3.3    4.3    0.9  954.8                                      
10738 20140208  3   -6.6    0.3    4.6    9.7   77.6    2.0   17.7    0.3    5.2    2.3  955.0                                      
10738 20140207  3   -3.2    2.8    6.8    9.8   67.5    3.0   15.2    0.2    5.4    0.4  956.7                                      
10738 20140206  3   -4.3    1.9    6.2   10.8   67.7    2.0    8.1    5.8    5.0    0.0  961.3                                      
10738 20140205  3   -7.3   -4.4    0.9    5.1   92.2    1.0    5.6    0.1    5.4    0.1  957.5                                      
10738 20140204  3   -5.6   -1.1    2.1    7.3   90.6    1.0    3.3    0.0    5.8    0.0  964.6                                      
10738 20140203  3   -2.5   -0.1    1.7    3.0   93.3    2.0    7.8    0.0    7.8    0.0  965.4                                      
10738 20140202  3   -2.0    0.7    2.7    5.1   93.9    1.0    3.0    0.0    7.5    0.9  967.8                                      
10738 20140201  3   -9.1   -4.4    2.2    8.7   83.4    1.0    5.7    4.8    6.0    5.7  959.6                                      
10738 20140131  3   -6.9   -3.7   -0.4    4.2   88.5    1.0    4.2    5.7    3.4    0.0  962.4                                      
10738 20140130  3   -8.3   -3.3   -0.8    1.3   87.5    2.0    5.0    3.3    6.9    0.0  959.4                                      
10738 20140129  3   -9.2   -3.8   -1.5    1.6   89.5    2.0    7.3    2.4    5.0    0.0  954.8                                      
10738 20140128  3   -6.4   -2.8    1.0    5.7   86.7    2.0    5.6    6.9    3.8    0.0  955.1                                      
10738 20140127  3   -5.1   -0.5    2.4    4.6   89.5    2.0   18.5    2.2    5.8    2.3  953.5                                      
10738 20140126  3    0.0    0.9    3.4    5.3   73.0    4.0   15.2    3.0    6.8    3.8  962.3                                      
10738 20140125  3   -2.0    0.6    2.0    3.8   90.5    1.0    6.8    0.4    7.4    0.6  970.5                                      
10738 20140124  3    0.0    0.5    1.7    3.4   92.5    2.0   10.4    0.0    7.7    4.9  968.0                                      
10738 20140123  3    1.2    2.8    3.5    4.2   83.9    2.0    7.1    0.1    7.3    0.5  968.2                                      
10738 20140122  3    1.7    2.7    3.6    4.6   93.1    1.0    4.7    0.0    7.8    0.0  966.4                                      
10738 20140121  3    2.6    3.3    3.7    4.4   93.0    2.0    6.7    0.0    8.0    1.5  964.6                                      
10738 20140120  3    1.9    2.0    2.7    3.6   97.0    1.0    3.6    0.0    8.0    0.6  957.0                                      
10738 20140119  3   -4.1   -1.6    1.4    4.0   96.3    1.0    5.6    1.0    7.2    0.0  953.6                                      
10738 20140118  3   -7.2   -2.9    0.5    5.1   95.3    1.0    4.6    3.6    5.0    0.0  957.1                                      
10738 20140117  3   -5.4   -0.9    4.8    8.1   86.1    1.0    4.8    2.1    4.6    0.0  959.3                                      
10738 20140116  3    0.5    3.3    5.3    8.4   86.7    1.0    7.8    0.0    7.2    5.3  959.9                                      
10738 20140115  3   -5.3   -1.4    3.0    5.5   83.6    2.0    5.7    6.0    4.6    0.3  965.5                                      
10738 20140114  3   -1.0    1.5    4.3    5.8   96.3    1.0    8.5    0.0    7.6    2.1  961.9                                      
10738 20140113  3   -5.7   -2.6    3.7    8.6   92.1    1.0    4.3    2.6    5.4    4.8  968.2                                      
10738 20140112  3   -5.6   -0.9    2.2    6.2   95.4    1.0    3.9    4.2    5.0    0.0  976.6                                      
10738 20140111  3   -6.0   -2.3    2.0    7.3   96.8    1.0    8.3    0.0    6.2    3.6  972.8                                      
10738 20140110  3   -5.5   -0.6    4.5    8.7   84.0    2.0    8.8    5.9    4.3    0.0  972.7                                      
10738 20140109  3   -0.4    3.0    8.8   15.1   72.2    3.0   18.3    3.4    7.1    6.1  968.1                                      
10738 20140108  3   -0.4    4.1    9.2   14.3   79.1    2.0    5.8    4.4    5.6    0.0  974.7                                      
10738 20140107  3   -1.1    5.0    8.9   11.9   74.2    1.0    5.3    0.4    5.8    0.2  971.6                                      
10738 20140106  3   -7.7   -3.1    4.0    9.6   82.4    1.0    3.3    2.3    4.6    0.0  967.8                                      
10738 20140105  3   -6.7   -1.8    3.7    7.0   87.3    2.0    7.0    1.3    5.0    0.0  963.6                                      
10738 20140104  3   -2.4    1.2    5.2    8.1   91.8    1.0    5.8    0.0    6.9    2.7  961.4                                      
10738 20140103  3   -3.6    0.6    5.8    9.3   85.5    2.0    7.3    0.5    5.9    0.6  966.2                                      
10738 20140102  3   -2.8    1.0    4.7    8.9   86.9    2.0   10.4    0.3    6.0    3.3  962.3                                      
10738 20140101  3   -5.4   -2.0    2.1    7.6   87.7    1.0    4.0    4.6    5.9    0.7  967.2                                      
10738 20131231  3   -6.7   -2.3    0.3    5.4   90.9    1.0    3.8    6.9    5.3    0.0  972.4                                      
10738 20131230  3   -6.3   -1.5    1.0    4.1   90.5    1.0    5.0    7.0    4.1    0.0  979.9                                      
10738 20131229  3   -4.4    0.4    3.8    6.4   85.5    2.0    9.1    1.4    5.0    2.7  972.8                                      
10738 20131228  3   -0.3    2.0    5.6    9.3   83.1    2.0    8.9    0.5    7.6    6.6  959.7                                      
10738 20131227  3   -5.4   -0.9    3.8    7.7   79.4    2.0    7.3    7.3    3.7    0.0  961.8                                      
10738 20131226  3    2.9    3.9    4.6    5.1   93.8    2.0    7.3    0.0    7.8    9.3  951.5                                      
10738 20131225  3    0.2    4.1    6.2    9.1   83.9    2.0    6.5    0.0    7.7   16.8  948.8                                      
10738 20131224  3   -3.4    0.9    7.1   14.1   67.5    2.0    6.5    2.8    5.6    0.0  957.7                                      
10738 20131223  3   -2.6    5.3    8.5   11.5   79.2    2.0   10.8    2.3    5.3    0.4  972.3                                      
10738 20131222  3   -1.7   -0.1    7.7   11.9   77.4    2.0   16.9    0.5    6.3    0.3  976.1                                      
10738 20131221  3   -6.4   -1.6    1.7    5.8   93.3    1.0    5.4    4.4    6.5    0.0  983.9                                      
10738 20131220  3   -6.4   -1.1    4.6    7.7   90.5    2.0    7.0    0.2    5.5    0.5  978.5                                      
10738 20131219  3   -4.4   -0.5    5.1    9.8   82.3    2.0    8.2    0.0    7.1    1.5  966.0                                      
10738 20131218  3   -7.6   -3.1    0.6    5.3   87.6    1.0    3.2    0.5    6.3    0.0  975.6                                      
10738 20131217  3   -8.5   -4.6    0.6    9.2   83.4    1.0    3.4    7.8    2.9    0.0  980.2                                      
10738 20131216  3   -8.6   -4.7    0.5   10.0   88.4    1.0    3.1    7.4    2.4    0.0  983.0                                      
10738 20131215  3   -6.8   -1.8    1.3    6.7   89.5    1.0    3.7    3.8    3.9    0.0  985.0                                      
10738 20131214  3   -9.9   -6.1   -0.6    3.7   95.7    1.0    5.9    0.3    5.7    2.1  982.3                                      
10738 20131213  3   -9.0   -6.1   -2.1    3.5   94.8    1.0    3.1    7.6    1.9    0.0  979.2                                      
10738 20131212  3   -7.6   -3.9   -0.8    5.3   93.3    1.0    3.2    7.3    2.0    0.0  983.3                                      
10738 20131211  3   -6.5   -2.9    1.2    7.2   92.2    1.0    3.4    7.5    0.5    0.0  986.7                                      
10738 20131210  3   -6.5   -2.5    2.3    9.2   87.4    1.0    3.1    7.7    2.4    0.0  987.3                                      
10738 20131209  3   -4.5   -0.3    4.4    9.0   77.0    2.0    7.9    5.6    4.9    0.0  984.4                                      
10738 20131208  3    0.3    2.9    4.9    7.1   77.0    2.0    7.7    0.3    7.0    0.0  981.2                                      
10738 20131207  3   -0.1    0.9    2.5    4.1   77.0    3.0   10.9    0.0    7.1    0.1  980.5                                      
10738 20131206  3    0.0    1.4    2.7    4.8   67.7    4.0   18.8    2.5    6.6    0.1  975.0                                      
10738 20131205  3    1.4    2.0    4.2    6.9   81.6    3.0   18.6    3.8    7.0    1.1  976.8                                      
10738 20131204  3   -6.5   -4.0   -0.2    3.0   91.9    2.0    7.9    0.8    7.8    0.2  980.6                                      
10738 20131203  3   -9.3   -4.0   -1.6    1.4   95.5    1.0    4.2    6.5    4.5    0.0  981.7                                      
10738 20131202  3   -7.5   -1.3    2.6    6.1   85.8    2.0   11.4    6.6    3.4    0.0  983.4                                      
10738 20131201  3   -4.0    1.1    2.6    4.7   87.9    1.0    5.2    0.9    7.0    0.0  981.3                                      
10738 20131130  3   -2.3   -0.6    2.4    5.1   88.8    2.0    7.6    2.4    6.6    0.4  973.3                                      
10738 20131129  3    0.8    1.0    2.6    4.1   90.0    2.0   12.8    0.0    7.8    1.2  977.4                                      
10738 20131128  3   -7.3   -3.6   -0.9    1.0   88.3    1.0    3.2    0.0    7.5    0.1  984.4                                      
10738 20131127  3   -9.0   -4.6   -2.7    0.6   89.5    1.0    4.1    5.6    3.5    0.0  985.5                                      
10738 20131126  3   -5.4   -2.2   -0.8    1.2   88.2    2.0    6.3    1.1    6.1    0.0  984.4                                      
10738 20131125  3   -7.2   -2.0    0.4    2.2   75.3    2.0    6.4    6.8    4.8    0.4  980.5                                      
10738 20131124  3    1.1    1.7    4.3    5.1   85.4    3.0   10.7    0.0    7.8    0.1  971.6                                      
10738 20131123  3    3.1    3.3    4.2    5.2   91.3    3.0    8.1    0.0    8.0    0.0  965.3                                      
10738 20131122  3    1.9    2.0    3.3    4.3   96.1    3.0    8.4    0.0    8.0    1.6  957.5                                      
10738 20131121  3   -0.8    0.8    2.5    3.8   95.2    2.0    6.5    0.0    7.5    0.0  952.6                                      
10738 20131120  3    1.1    1.7    3.0    4.1   94.8    2.0    6.7    0.0    8.0    2.2  958.2                                      
10738 20131119  3   -4.0   -0.1    2.0    4.0   98.4    2.0    7.9    0.0    6.5    8.5  959.2                                      
10738 20131118  3   -2.9    0.8    5.2   10.7   85.5    1.0    4.7    7.9    4.0    0.0  965.7                                      
10738 20131117  3    4.1    4.4    5.0    5.8   88.8    2.0    4.4    0.0    8.0    0.0  975.2                                      
10738 20131116  3    3.0    3.3    4.3    5.7   87.2    2.0    7.5    0.0    8.0    0.0  981.1                                      
10738 20131115  3    2.1    2.5    3.4    4.8   86.5    3.0    9.7    0.0    7.6    0.0  977.0                                      
10738 20131114  3   -0.4    2.2    4.1    5.1   87.5    1.0    5.8    0.0    7.7    0.5  974.8                                      
10738 20131113  3    1.5    1.7    3.7    5.2   94.4    1.0    5.5    0.0    7.9    0.0  982.3                                      
10738 20131112  3   -6.9   -3.0    1.2    4.8   90.1    1.0    3.1    2.6    4.2    3.6  979.9                                      
10738 20131111  3   -5.2   -1.2    4.2    7.1   87.4    2.0    6.1    0.6    5.5    0.1  981.8                                      
10738 20131110  3    3.0    3.0    5.3    7.8   87.8    3.0   12.2    0.0    7.6   19.4  963.4                                      
10738 20131109  3   -1.9    4.8    8.4   11.3   72.5    2.0   11.2    5.4    5.1    0.6  966.9                                      
10738 20131108  3    4.8   10.4   13.0   14.8   82.5    2.0    8.2    0.2    6.8    7.6  964.6                                      
10738 20131107  3    4.9   11.2   14.0   16.2   73.8    3.0   12.9    3.1    6.4    0.0  966.6                                      
10738 20131106  3    5.9    6.8    9.9   13.2   88.7    3.0   12.3    0.0    7.8    1.3  960.5                                      
10738 20131105  3   -2.5    1.6    6.2    9.7   76.7    2.0    9.2    7.8    4.6    2.4  954.7                                      
10738 20131104  3    1.7    5.1    9.3   12.1   73.5    4.0   16.3    0.1    7.1    0.6  951.7                                      
10738 20131103  3    1.2    5.5    8.8   13.3   78.6    3.0   15.9    4.3    4.7    1.3  962.5                                      
10738 20131102  3    4.1    7.0   12.5   16.3   81.2    2.0   12.8    1.1    7.0    4.8  962.6                                      
10738 20131101  3   -3.6   -0.1    5.1    9.3   92.8    1.0    2.9    0.2    6.7    2.4  972.6                                      
10738 20131031  3   -4.8   -1.4    5.3   13.7   84.7    1.0    3.7    9.3    0.8    0.0  978.3                                      
10738 20131030  3   -2.7    1.7    7.4   12.3   80.4    2.0    4.9    6.5    3.0    0.0  978.0                                      
10738 20131029  3    1.0    5.0   10.4   13.9   75.6    2.0    9.2    3.0    6.2    0.2  970.6                                      
10738 20131028  3   10.1   11.4   16.4   22.3   61.0    3.0   17.7    3.8    6.4    1.1  963.4                                      
10738 20131027  3    9.0   11.6   14.8   19.5   76.5    3.0   18.6    4.7    5.9    1.4  967.9                                      
10738 20131026  3    4.9    8.2   15.0   22.3   78.5    1.0    8.0    7.5    5.4    3.4  970.9                                      
10738 20131025  3    1.7    6.0   12.2   18.8   89.2    1.0    2.9    2.6    6.6    0.0  970.9                                      
10738 20131024  3    3.6    7.1   13.4   19.5   81.8    1.0    4.4    9.4    3.0    0.0  972.6                                      
10738 20131023  3    8.0   11.4   13.7   16.4   85.2    2.0   10.1    0.1    7.0    1.7  966.3                                      
10738 20131022  3    8.0   11.6   15.4   21.7   82.8    1.0    4.9    4.1    6.0    0.0  966.0                                      
10738 20131021  3    5.7    9.7   13.9   18.5   88.6    1.0    4.0    1.7    6.8    0.0  972.0                                      
10738 20131020  3    8.4   11.7   14.1   16.3   90.2    1.0    6.1    0.2    7.0    5.2  971.2                                      
10738 20131019  3    0.0    4.4   13.0   22.0   81.9    1.0    4.2    9.5    3.8    0.3  969.6                                      
10738 20131018  3    0.7    5.9   11.3   15.9   83.9    2.0    6.5    6.9    5.6    0.0  972.6                                      
10738 20131017  3    7.5    9.7   12.3   15.8   74.5    3.0   12.6    5.6    5.7    0.0  971.5                                      
10738 20131016  3    6.3    7.5    9.7   12.6   84.8    2.0    6.6    1.3    7.0    0.2  968.3                                      
10738 20131015  3    2.7    5.7   10.5   12.2   90.2    2.0   11.2    0.1    7.3   20.3  965.6                                      
10738 20131014  3    4.4    6.3   10.7   14.9   88.6    1.0    5.0    0.7    7.3    1.9  971.3                                      
10738 20131013  3    0.2    4.1    7.2   12.1   83.7    1.0    5.5    6.0    5.0    0.3  972.9                                      
10738 20131012  3   -3.0    0.6    3.6    7.3   92.6    1.0    5.3    1.7    5.3    0.2  970.5                                      
10738 20131011  3   -2.3    2.0    5.9    8.8   89.3    1.0    7.1    0.6    5.6    0.7  967.4                                      
10738 20131010  3    3.7    5.0    7.8   12.2   87.8    2.0   14.4    0.1    7.6   11.9  963.9                                      
10738 20131009  3    6.8   10.3   12.6   15.3   81.7    2.0    5.6    0.9    7.6    2.1  973.7                                      
10738 20131008  3   10.9   11.1   12.6   14.5   85.9    1.0    4.9    0.0    7.8    0.0  978.1                                      
10738 20131007  3    6.7    9.6   11.9   14.6   88.0    2.0    7.0    2.8    7.2    0.0  979.0                                      
10738 20131006  3    8.1    9.2   10.5   11.4   93.8    1.0    6.4    0.0    8.0    0.2  977.3                                      
10738 20131005  3   11.1   11.1   13.2   18.0   93.2    2.0    6.6    0.0    7.8    9.5  970.7                                      
10738 20131004  3    8.1    8.5   13.4   19.3   78.1    2.0    4.1    3.4    6.9    6.6  973.0                                      
10738 20131003  3   -4.5    1.2    8.6   16.1   74.1    2.0    7.4    9.0    4.5    0.1  973.7                                      
10738 20131002  3   -2.6    4.4    8.6   14.4   78.8    2.0    8.4   10.5    2.5    0.0  972.1                                      
10738 20131001  3    0.0    5.7   10.0   16.4   83.2    1.0    6.6    6.2    3.7    0.0  966.0                                      
10738 20130930  3    1.7    6.6    9.8   11.2   81.1    2.0    5.6    0.0    7.5    0.0  962.6                                      
10738 20130929  3    7.7    9.7   12.7   16.6   75.5    3.0   10.1    4.4    7.0    0.0  962.3                                      
10738 20130928  3    7.0   11.2   14.2   19.3   86.7    2.0    6.6    5.4    6.1    0.0  965.8                                      
10738 20130927  3   10.9   12.7   15.0   18.1   82.9    1.0    4.1    2.3    6.3    0.0  969.6                                      
10738 20130926  3   11.9   14.5   16.4   19.3   81.5    2.0    8.8    0.2    7.0    0.6  968.8                                      
10738 20130925  3    3.3    7.1   14.4   21.3   81.9    1.0    5.4    6.3    4.9    0.6  966.8                                      
10738 20130924  3    3.2    7.9   13.5   21.1   81.4    1.0    3.1    9.4    3.7    0.0  971.2                                      
10738 20130923  3    3.6    9.7   14.5   19.6   77.4    1.0    4.5    7.7    3.5    0.0  978.5                                      
10738 20130922  3    1.7    5.0   12.2   19.1   81.0    1.0    4.8   10.9    4.6    0.0  981.5                                      
10738 20130921  3    3.3    8.0   12.6   17.9   79.8    1.0    3.8    4.2    6.1    0.0  979.8                                      
10738 20130920  3    9.0   11.2   13.4   17.5   74.2    2.0    9.7    1.2    6.9    0.0  971.9                                      
10738 20130919  3    2.9    6.6   11.3   14.4   77.3    2.0    7.4    4.3    5.5    0.0  967.9                                      
10738 20130918  3    8.8    9.3   13.7   18.7   82.0    3.0   14.8    0.6    7.3    3.5  956.2                                      
10738 20130917  3    4.8    7.0    9.6   13.2   78.5    3.0   13.5    4.2    6.2    7.6  961.3                                      
10738 20130916  3    6.8    8.3   12.3   15.7   81.0    2.0   16.9    0.9    7.2    2.3  960.3                                      
10738 20130915  3   11.4   13.4   15.1   18.8   85.8    2.0    7.7    0.8    7.1    0.8  965.4                                      
10738 20130914  3    9.2   10.5   15.1   19.4   82.7    1.0    6.5    0.7    7.3    0.6  970.4                                      
10738 20130913  3    6.5   10.0   12.9   15.9   81.3    2.0    8.0    0.4    6.8    0.0  975.3                                      
10738 20130912  3    8.2   10.4   11.4   13.4   88.0    2.0    8.3    0.1    7.3    5.3  970.9                                      
10738 20130911  3    6.5    8.8   11.2   13.9   80.3    2.0   11.3    0.9    7.2    7.2  969.6                                      
10738 20130910  3    5.5    9.2   12.6   14.8   76.6    3.0    9.7    3.1    5.2    5.3  970.2                                      
10738 20130909  3   10.4   12.0   14.8   18.6   69.3    2.0   11.1    6.6    5.3    3.0  973.4                                      
10738 20130908  3   13.3   13.7   17.2   22.0   81.4    2.0   13.3    1.9    7.3   14.8  972.4                                      
10738 20130907  3   11.9   16.3   20.1   24.2   75.2    2.0    8.4    8.2    5.4    0.7  971.1                                      
10738 20130906  3    8.8   13.3   20.6   29.0   70.0    1.0    9.5   10.4    1.9    0.0  967.0                                      
10738 20130905  3    7.7   12.2   20.5   28.2   65.7    1.0    5.7   12.7    0.2    0.0  970.8                                      
10738 20130904  3    7.3   11.5   19.3   26.7   68.9    1.0    5.4   12.8    0.4    0.0  977.2                                      
10738 20130903  3    7.2   11.7   18.0   23.6   67.3    1.0    5.6   12.4    2.0    0.0  981.0                                      
10738 20130902  3    8.8   10.7   15.8   22.6   56.9    2.0   10.1    8.4    4.3    0.0  980.3                                      
10738 20130901  3    9.4   11.0   14.8   17.6   74.5    2.0    9.6    4.6    6.8    0.0  979.6                                      
10738 20130831  3    9.5   13.9   17.5   22.9   71.4    2.0    9.6    5.8    5.9    0.4  976.1                                      
10738 20130830  3    4.9    9.7   17.4   24.2   67.3    1.0    4.6   11.2    3.4    0.0  975.1                                      
10738 20130829  3    4.8    8.7   15.9   22.5   73.0    1.0    6.1   11.3    2.8    0.0  975.8                                      
10738 20130828  3    6.2   11.5   16.2   21.1   76.1    1.0    9.5    4.8    5.3    0.0  972.3                                      
10738 20130827  3    7.3   12.4   15.7   19.2   85.1    2.0    7.5    0.6    7.0    7.6  968.1                                      
10738 20130826  3   10.2   13.3   16.2   19.9   79.8    2.0    5.2    1.7    6.8    0.0  966.8                                      
10738 20130825  3   12.8   13.5   15.0   16.1   90.5    2.0    7.2    0.0    8.0    5.0  965.9                                      
10738 20130824  3    6.2   10.6   16.4   24.3   82.3    2.0   14.9    4.7    5.5   20.5  967.5                                      
10738 20130823  3    7.6   12.9   17.5   23.7   68.5    2.0    6.8    6.3    5.3    0.0  971.2                                      
10738 20130822  3    4.9   10.1   17.3   23.5   62.3    2.0    7.9   10.6    5.0    0.0  973.9                                      
10738 20130821  3    3.5    9.7   16.4   22.6   67.2    2.0    8.5   13.3    2.2    0.0  978.6                                      
10738 20130820  3    4.8   10.9   15.3   19.2   70.9    2.0    6.9    6.0    3.1    0.0  981.3                                      
10738 20130819  3    9.8   13.5   18.0   23.4   76.8    2.0   20.5    3.3    5.8    5.4  972.4                                      
10738 20130818  3    8.5   13.4   20.2   26.7   69.3    2.0    9.4    6.5    6.1    0.5  971.1                                      
10738 20130817  3    7.4   12.6   20.8   27.6   62.0    2.0    8.0   12.6    2.6    0.0  971.3                                      
10738 20130816  3    4.4    9.8   18.9   27.0   59.5    1.0    4.8   13.6    0.9    0.0  973.4                                      
10738 20130815  3    5.3    9.9   16.7   22.7   61.2    1.0    5.3   13.2    4.3    0.0  977.0                                      
10738 20130814  3    4.9    9.1   15.0   19.2   67.3    1.0    6.1    7.4    3.6    0.0  977.3                                      
10738 20130813  3    6.7   12.1   16.7   20.0   68.0    2.0   10.0    7.4    5.5    0.0  973.8                                      
10738 20130812  3   11.9   15.0   18.9   24.1   64.8    2.0   19.4    9.1    5.1    9.3  971.5                                      
10738 20130811  3    8.9   12.9   18.0   22.4   63.8    2.0    7.3    9.8    4.0    0.0  974.1                                      
10738 20130810  3    9.5   13.0   18.4   24.1   69.6    2.0    7.8    8.6    4.5    0.0  975.1                                      
10738 20130809  3    8.9   14.3   17.4   21.1   77.7    2.0    6.6    2.0    6.0    0.0  975.5                                      
10738 20130808  3   13.3   16.1   18.6   21.0   83.1    2.0    4.8    0.2    7.3    1.8  971.4                                      
10738 20130807  3   13.1   16.4   20.8   26.5   76.0    2.0   17.8    1.6    7.0    2.2  967.1                                      
10738 20130806  3   12.9   16.9   22.4   29.1   71.0    2.0   14.9    8.6    5.3    5.3  970.1                                      
10738 20130805  3   11.5   15.4   23.7   31.0   66.3    2.0    6.3   13.7    2.0    0.0  971.8                                      
10738 20130804  3   12.3   17.0   21.8   26.3   61.5    1.0    9.4    7.9    3.5    0.9  975.7                                      
10738 20130803  3   13.4   18.0   24.4   29.4   58.6    2.0    8.3    9.7    4.0    0.0  973.3                                      
10738 20130802  3   11.1   15.8   25.9   34.8   54.7    1.0    5.2   13.9    1.2    0.0  970.1                                      
10738 20130801  3   10.0   14.4   23.4   31.6   59.9    1.0    4.9   14.6    0.5    0.0  971.9                                      
10738 20130731  3   11.5   16.5   21.7   26.6   62.6    2.0    9.9    7.6    3.6    0.0  974.8                                      
10738 20130730  3   13.4   15.1   19.9   24.1   66.7    3.0   11.4   10.4    5.5    0.0  975.2                                      
10738 20130729  3   13.9   15.5   17.2   19.0   90.5    2.0    9.0    0.1    7.3   24.2  971.8                                      
10738 20130728  3   16.7   17.3   22.3   29.7   73.6    2.0   19.4    5.3    6.3   20.5  968.0                                      
10738 20130727  3   14.1   18.2   27.0   34.8   57.9    1.0   16.9   14.0    1.8    1.7  965.3                                      
10738 20130726  3   12.3   16.3   23.7   30.1   70.3    1.0    6.4    9.4    4.1    0.1  969.9                                      
10738 20130725  3   12.6   15.4   21.1   27.7   80.1    1.0   13.2    8.9    2.9    8.4  971.6                                      
10738 20130724  3   12.8   17.0   20.0   27.1   79.9    1.0   19.1    4.8    5.8   17.7  970.5                                      
10738 20130723  3   10.1   16.0   22.3   31.9   60.7    2.0   17.5    8.1    4.0    0.6  969.0                                      
10738 20130722  3    8.8   15.4   24.6   31.9   46.3    1.0    9.5   14.7    1.0    0.0  971.6                                      
10738 20130721  3    9.6   16.6   23.9   30.3   48.6    2.0    6.9   14.6    0.7    0.0  973.5                                      
10738 20130720  3    9.5   16.3   23.4   29.4   52.7    2.0    8.1   14.4    1.7    0.0  973.1                                      
