10929 20140719  1   14.5   16.3   24.0   33.4   57.4    2.0    3.8   12.4    2.8    0.0  962.6                                      
10929 20140718  1   14.3   15.7   23.5   32.1   54.4    1.0    4.3   14.8    1.0    0.0  967.3                                      
10929 20140717  1   14.8   16.3   23.0   30.3   61.7    2.0    4.3   14.2    0.8    0.0  969.5                                      
10929 20140716  1   13.4   14.8   21.6   28.8   64.5    1.0    4.4   13.2    1.0    0.0  969.7                                      
10929 20140715  1   14.1   15.9   20.5   26.3   63.0    1.0    5.6   11.5    4.6    0.0  969.3                                      
10929 20140714  1   13.5   15.0   19.0   24.4   74.1    2.0    9.0    5.4    6.5    1.9  964.0                                      
10929 20140713  1   14.3   14.5   17.6   22.4   79.4    2.0    8.0    4.2    6.9    0.3  961.5                                      
10929 20140712  1   14.2   14.6   16.9   22.2   85.7    2.0    6.5    1.4    7.4   24.0  962.2                                      
10929 20140711  1   13.0   13.3   17.1   22.6   83.0    2.0    8.5    3.5    6.7    6.6  961.4                                      
10929 20140710  1   10.0   10.5   12.3   13.8   86.6    2.0    9.0    0.0    8.0    9.7  959.4                                      
10929 20140709  1   10.1   10.7   12.4   14.6   85.7    3.0   11.3    0.0    8.0    8.6  959.9                                      
10929 20140708  1   11.8   12.4   14.4   16.6   88.4    3.0   11.1    0.0    7.8   12.3  960.1                                      
10929 20140707  1   15.4   16.2   20.3   26.1   73.8    2.0   10.4    5.4    6.8    2.6  963.0                                      
10929 20140706  1   13.7   14.9   22.6   31.5   65.0    2.0   15.9   14.2    2.1    3.2  961.0                                      
10929 20140705  1   15.2   16.0   18.3   22.9   80.9    2.0   10.6    2.0    5.2    3.1  962.3                                      
10929 20140704  1   12.0   13.8   20.5   26.7   67.3    2.0   17.1    5.4    3.8    0.1  961.6                                      
10929 20140703  1   11.4   12.5   18.5   25.8   67.7    1.0    4.6   10.4    4.0    0.0  972.2                                      
10929 20140702  1   11.7   13.3   15.0   19.1   86.1    1.0    5.6    1.8    5.2    8.0  969.2                                      
10929 20140701  1    8.9   10.1   17.2   23.7   62.8    1.0    4.8   11.6    2.0    0.3  965.7                                      
10929 20140630  1   10.1   11.4   14.2   19.0   75.8    2.0    9.7    3.8    5.4    0.7  965.2                                      
10929 20140629  1   11.0   12.0   14.6   16.2   88.3    2.0   11.4    0.0    7.2   11.5  960.3                                      
10929 20140628  1   15.1   15.8   20.0   26.1   67.3    2.0   15.6    6.7    4.6   21.8  961.6                                      
10929 20140627  1   10.9   12.9   20.3   26.4   51.3    1.0    7.8   12.6    2.5    0.2  964.3                                      
10929 20140626  1    8.6   10.4   17.6   24.6   55.0    2.0    5.6   13.0    2.8    0.0  962.2                                      
10929 20140625  1   10.2   12.5   17.0   23.0   71.9    2.0    8.3    5.9    5.2    4.8  960.3                                      
10929 20140624  1   13.2   13.8   17.7   23.5   74.5    2.0    6.1    9.0    4.1    2.2  964.2                                      
10929 20140623  1   12.6   14.6   19.5   28.6   65.1    2.0   14.7    8.9    3.0   21.0  966.6                                      
10929 20140622  1    9.6   12.1   20.3   28.0   49.4    2.0    5.5   14.0    2.4    0.0  966.5                                      
10929 20140621  1    9.4   11.3   18.4   25.5   53.6    2.0    5.6   13.4    2.6    0.0  965.5                                      
10929 20140620  1   11.2   13.2   17.0   22.1   63.8    2.0    6.6    2.5    5.8    0.0  965.2                                      
10929 20140619  3   11.2   13.7   18.6   25.5   61.8    2.0   12.2    8.9    3.4    1.5  965.4                                      
10929 20140618  3   11.3   12.7   19.1   25.9   52.3    2.0    8.1   12.6    2.3    0.0  965.2                                      
10929 20140617  3   12.5   13.6   18.0   23.5   54.6    2.0   11.5   12.5    4.9    0.0  964.8                                      
10929 20140616  3   10.9   13.1   18.8   24.4   47.9    2.0    9.7   12.7    1.5    0.0  965.1                                      
10929 20140615  3   11.4   12.8   18.2   23.7   48.8    3.0   11.7   13.4    3.1    0.0  965.2                                      
10929 20140614  3   12.4   14.4   18.3   23.1   55.5    2.0    9.3    9.6    5.4    0.0  965.0                                      
10929 20140613  3   15.4   16.2   20.8   26.7   69.8    2.0    8.6   11.3    4.0    6.6  967.0                                      
10929 20140612  3   16.8   17.4   23.8   31.1   65.3    2.0   10.5   11.6    2.0    7.7  970.6                                      
10929 20140611  3   16.0   17.0   23.2   30.1   67.1    2.0    9.6   12.8    1.9    0.0  971.1                                      
10929 20140610  3   17.5   18.1   26.3   33.6   42.1    2.0   15.0   14.0    1.4    3.2  967.0                                      
10929 20140609  3   14.8   17.1   26.0   34.9   48.0    2.0    6.7   13.0    0.4    0.0  966.5                                      
10929 20140608  3   13.3   15.4   24.6   34.6   51.7    1.0    3.5   14.3    0.2    0.0  967.3                                      
10929 20140607  3   11.5   13.5   22.2   31.1   54.8    1.0    4.3   12.7    1.1    0.0  965.8                                      
10929 20140606  3    7.9    9.7   19.0   28.3   59.4    2.0    4.7   14.5    1.5    0.0  965.1                                      
10929 20140605  3    9.5   10.7   15.3   20.6   64.5    2.0    9.6   10.1    4.2    0.0  964.0                                      
10929 20140604  3    9.6   10.8   14.9   21.9   77.0    2.0   11.4    5.3    5.3    2.1  959.3                                      
10929 20140603  3    8.8   10.3   16.1   22.6   69.7    2.0    8.4   10.3    3.5    0.8  963.4                                      
10929 20140602  3   10.6   11.7   15.5   21.5   69.3    2.0   10.8    6.3    4.3    0.1  965.7                                      
10929 20140601  3    6.5    8.5   15.8   22.5   57.5    2.0    8.1   11.0    3.1    0.5  966.8                                      
10929 20140531  3    4.0    5.7   13.4   20.9   60.5    2.0    6.1   11.4    1.5    0.0  967.6                                      
10929 20140530  3    5.5    7.6   12.5   14.5   78.6    2.0    6.9    1.0    7.4    0.3  966.8                                      
10929 20140529  3    8.5   10.1   15.7   21.8   67.2    2.0    7.4    8.4    5.8    0.5  962.9                                      
10929 20140528  3   10.2   11.2   14.6   19.9   69.8    2.0    8.2    2.8    6.8    0.1  961.4                                      
10929 20140527  3   11.5   12.1   13.7   16.2   82.5    3.0   11.1    0.2    7.6    1.6  961.2                                      
10929 20140526  3   11.7   13.0   15.8   20.9   78.1    2.0    7.5    3.0    6.7    0.3  962.3                                      
10929 20140525  3    8.4   10.1   17.2   24.8   65.2    2.0   11.8    9.9    4.5    5.6  965.3                                      
10929 20140524  3    9.7   11.4   14.9   20.0   66.8    2.0    9.9    7.9    3.3    0.0  964.3                                      
10929 20140523  3   10.0   10.0   15.0   21.3   71.3    2.0   11.8   10.2    3.7    2.6  960.1                                      
10929 20140522  3   12.4   13.7   19.9   28.8   55.6    2.0   11.0    5.4    3.0    8.6  957.9                                      
10929 20140521  3    9.0   11.0   20.0   28.8   51.0    2.0    5.3   13.6    1.5    0.0  960.4                                      
10929 20140520  3    7.4    9.6   17.9   25.5   50.7    2.0    4.7   10.7    1.4    0.0  961.4                                      
10929 20140519  3    8.3    9.9   16.8   24.2   56.0    1.0    5.4    9.5    2.5    0.0  958.3                                      
10929 20140518  3    4.6    6.4   14.4   22.1   60.5    1.0    5.4   14.1    0.9    0.0  961.8                                      
10929 20140517  3    6.5    8.8   12.4   17.1   60.2    2.0    5.2    7.4    4.1    0.0  967.7                                      
10929 20140516  3    6.7    7.3   11.7   17.1   61.0    2.0   11.3    5.7    6.2    0.0  973.1                                      
10929 20140515  3    4.5    6.1    9.0   14.0   74.7    2.0    8.4    1.7    7.1    1.4  976.6                                      
10929 20140514  3    6.1    6.3    9.4   15.4   75.6    2.0    9.4    4.1    5.6    4.9  973.6                                      
10929 20140513  3    5.6    6.9    8.5   12.5   80.4    2.0    9.4    2.5    6.7    8.8  965.7                                      
10929 20140512  3    5.3    6.7    9.7   13.3   66.9    3.0   13.3    3.6    5.0    0.2  963.3                                      
10929 20140511  3    6.2    7.1   12.2   17.8   66.8    4.0   22.4    5.3    5.9    0.8  959.7                                      
10929 20140510  3    9.1   10.5   16.7   22.4   63.7    2.0   15.6    6.9    6.5    0.9  963.1                                      
10929 20140509  3   11.6   12.6   15.4   19.9   71.6    3.0   12.9    4.0    6.8    0.0  965.6                                      
10929 20140508  3    7.1    8.8   15.0   20.4   64.3    2.0   10.3    6.5    6.7    0.7  965.3                                      
10929 20140507  3    8.5   10.4   13.1   16.5   75.9    3.0   13.3    3.4    6.7    3.2  963.9                                      
10929 20140506  3    5.4    6.9   14.5   21.0   58.2    2.0   16.7    5.7    5.5    0.3  963.1                                      
10929 20140505  3    2.3    4.3   11.4   19.6   60.1    2.0    4.5   12.1    3.5    0.0  964.8                                      
10929 20140504  3    3.4    5.9    9.4   14.6   61.9    2.0    8.6    7.0    4.5    0.0  968.2                                      
10929 20140503  3    6.2    6.5    7.6   10.1   83.4    2.0    8.2    0.1    8.0    0.0  966.7                                      
10929 20140502  3    9.4    9.6   11.0   14.7   90.5    2.0    4.0    0.2    7.5    8.9  960.1                                      
10929 20140501  3    9.1    9.4   12.2   17.6   82.4    2.0    7.2    3.1    7.3    6.9  960.1                                      
10929 20140430  3    8.8    9.0    9.4   10.4   94.0    2.0    9.5    0.0    8.0   15.2  959.1                                      
10929 20140429  3    6.8    6.7    9.6   14.7   88.3    2.0    6.2    1.7    6.3    0.2  960.8                                      
10929 20140428  3    7.0    7.1    8.8   11.1   91.4    2.0    8.0    0.0    7.8   10.4  958.7                                      
10929 20140427  3    7.8    7.7    9.4   11.8   89.0    2.0   10.9    0.0    7.5    9.1  957.8                                      
10929 20140426  3   10.7   11.1   15.5   21.4   73.2    2.0   11.3    7.3    6.3    6.1  958.9                                      
10929 20140425  3    6.7    9.2   15.5   23.4   63.4    2.0   10.0    9.7    5.8    1.2  958.7                                      
10929 20140424  3    6.6    8.7   16.1   23.3   57.5    2.0    7.3   12.9    1.0    0.0  963.9                                      
10929 20140423  3    5.1    7.1   14.6   22.7   64.5    2.0    6.7   12.5    2.5    0.0  965.7                                      
10929 20140422  3    6.4    8.3   13.3   19.9   70.8    2.0    5.6    5.8    4.1    0.0  960.3                                      
10929 20140421  3    7.1    8.0   11.7   16.2   75.0    2.0    6.7    3.5    6.6    0.0  953.0                                      
10929 20140420  3    2.9    4.8   10.0   16.7   76.3    1.0    4.5    5.4    5.1    0.0  953.7                                      
10929 20140419  3    2.9    2.9    6.0    8.5   85.2    2.0    8.3    0.0    7.4    0.0  957.6                                      
10929 20140418  3    0.6    1.2    5.2   10.3   82.8    2.0   12.8    0.2    6.5   10.3  960.6                                      
10929 20140417  3    0.5    3.7    9.8   17.4   44.3    2.0    8.0   12.8    1.2    0.0  967.9                                      
10929 20140416  3    0.7    2.4    7.5   12.9   52.9    2.0    9.6   11.9    2.3    0.0  973.6                                      
10929 20140415  3    1.7    3.5    6.8   12.0   52.6    2.0    9.9    5.8    4.3    0.0  970.9                                      
10929 20140414  3    3.6    5.9   10.7   16.7   55.0    3.0   13.6    8.7    1.8    0.0  966.2                                      
10929 20140413  3    7.9    9.8   14.4   19.4   54.5    2.0    6.3    7.5    3.2    0.0  966.2                                      
10929 20140412  3    7.4    9.5   13.5   18.9   68.5    1.0    5.1    6.0    5.9    0.0  963.7                                      
10929 20140411  3    2.8    5.1   12.7   20.9   63.7    2.0    5.3   12.5    2.2    0.0  964.3                                      
10929 20140410  3    1.9    4.4    9.7   15.8   62.4    2.0    5.0    4.0    4.5    0.0  969.4                                      
10929 20140409  3    3.2    6.0   10.4   15.5   51.6    2.0    6.3   11.3    4.3    0.0  972.6                                      
10929 20140408  3    8.5    9.6   12.0   15.4   71.8    3.0   15.1    2.1    6.5    2.5  967.3                                      
10929 20140407  3    5.2    6.5   13.4   20.4   69.9    2.0    4.0    7.6    3.7    4.1  966.0                                      
10929 20140406  3    7.2    9.4   13.0   19.3   81.3    2.0    4.5    6.3    5.3    1.1  967.6                                      
10929 20140405  3    6.1    8.4   11.5   14.2   86.5    2.0    6.4    0.0    6.4    5.1  962.3                                      
10929 20140404  3    6.2    7.9   11.5   16.4   67.9    2.0    4.6    0.0    3.9    0.0  954.6                                      
10929 20140403  3    6.3    8.4   13.0   20.0   60.1    1.0    6.0    3.8    3.4    0.0  953.6                                      
10929 20140402  3    3.8    6.2   13.7   21.7   57.6    1.0    4.4    9.9    1.3    0.0  957.1                                      
10929 20140401  3    3.8    6.1   12.4   20.3   62.3    1.0    3.5    8.5    2.3    0.0  960.5                                      
10929 20140331  3    2.5    5.4   12.0   20.2   58.8    1.0    3.7   10.2    4.0    0.0  962.5                                      
10929 20140330  3    1.3    4.4   11.9   20.9   56.6    1.0    3.6   10.6    2.3    0.0  963.8                                      
10929 20140329  3    0.4    2.9   11.0   20.1   58.9    1.0    4.3   11.4    2.7    0.0  965.6                                      
10929 20140328  3   -0.2    2.5    9.1   16.5   60.1    1.0    4.3   11.7    1.2    0.0  962.6                                      
10929 20140327  3   -1.8    0.0    6.3   14.7   71.3    1.0    4.2    6.8    4.0    0.0  957.6                                      
10929 20140326  3   -2.4   -0.5    3.5    9.1   77.5    2.0    4.6    2.9    4.4    0.0  957.6                                      
10929 20140325  3   -0.5    1.8    4.1    9.3   74.0    1.0    5.2    5.4    5.6    0.0  957.2                                      
10929 20140324  3   -0.4    1.4    3.3    8.0   86.4    2.0    8.7    2.0    7.1    1.3  959.8                                      
10929 20140323  3    0.1    0.4    2.9    5.3   92.4    2.0    7.6    0.0    7.5   11.8  956.1                                      
10929 20140322  3    4.6    5.1    8.6   12.0   79.9    2.0   10.1    0.0    6.6    6.7  956.4                                      
10929 20140321  3    2.8    5.2   13.1   20.7   55.6    2.0   13.7   10.4    4.0    0.0  962.3                                      
10929 20140320  3    0.5    2.8   10.4   20.6   62.0    2.0    5.3   11.0    0.9    0.0  968.0                                      
10929 20140319  3    2.6    5.1   10.4   15.0   58.8    2.0   11.1    6.3    4.9    0.0  973.3                                      
10929 20140318  3    1.0    3.1   12.0   20.5   55.8    2.0   10.9   10.0    4.2    0.0  965.5                                      
10929 20140317  3    2.0    4.5   11.7   19.7   60.9    2.0    6.2   11.4    0.5    0.0  969.3                                      
10929 20140316  3    4.9    6.8   10.7   16.4   64.3    3.0   12.3    4.4    4.6    0.0  970.8                                      
10929 20140315  3    2.2    4.7    8.4   12.4   70.1    3.0   16.3    0.2    6.1    0.0  970.4                                      
10929 20140314  3    0.3    2.5    9.5   18.3   67.9    1.0    3.5   10.1    0.0    0.0  972.7                                      
10929 20140313  3   -0.5    2.6    8.3   16.9   70.4    1.0    3.2   10.5    0.1    0.0  974.9                                      
10929 20140312  3   -1.1    2.4    8.7   16.2   56.9    2.0    6.6   10.9    0.1    0.0  975.5                                      
10929 20140311  3   -0.6    3.0    8.4   14.3   53.9    2.0   11.5   10.0    3.9    0.0  972.2                                      
10929 20140310  3   -1.4    2.1    8.1   15.1   60.3    2.0    6.7   10.4    1.0    0.0  970.3                                      
10929 20140309  3   -2.0    1.1    8.8   17.8   57.6    2.0    7.4   10.7    0.3    0.0  975.5                                      
10929 20140308  3   -1.2    1.3    7.9   16.0   69.4    2.0    9.5    9.2    1.0    0.0  977.0                                      
10929 20140307  3   -2.1    0.6    5.4   11.5   79.5    1.0    3.6    9.0    0.3    0.0  973.1                                      
10929 20140306  3   -0.7    1.5    6.0   11.5   74.0    2.0    9.9    6.8    2.8    0.0  973.2                                      
10929 20140305  3    2.1    3.2    5.4    9.9   85.0    1.0    5.6    2.5    6.9    0.9  964.7                                      
10929 20140304  3    2.5    2.6    3.4    4.2   90.7    2.0    5.4    0.0    7.8    2.8  950.8                                      
10929 20140303  3    1.1    1.7    4.3    6.9   82.2    2.0   10.8    0.9    7.3    0.1  944.1                                      
10929 20140302  3    0.8    2.2    3.6    5.1   91.8    1.0    4.7    0.0    7.8    0.7  951.2                                      
10929 20140301  3    2.2    2.4    4.2    6.2   83.4    2.0    5.5    0.0    7.3    2.9  950.5                                      
10929 20140228  3    2.5    3.1    5.9   10.5   77.8    2.0   10.9    3.3    6.6    0.0  953.5                                      
10929 20140227  3    0.0    0.2    3.5    7.9   88.3    2.0    8.1    4.4    6.4    3.2  965.7                                      
10929 20140226  3    1.4    2.4    6.4   11.4   77.0    2.0    8.2    4.0    6.8   17.9  963.4                                      
10929 20140225  3   -2.6   -0.5    3.9    9.5   79.6    2.0    3.8    5.1    4.5    0.0  963.2                                      
10929 20140224  3   -3.4   -2.2    3.5   10.8   77.5    1.0    3.6    8.6    1.3    0.0  965.3                                      
10929 20140223  3   -1.6    1.2    5.3   10.0   81.2    2.0    5.8    6.7    4.1    0.0  969.6                                      
10929 20140222  3    0.7    1.9    4.9    9.8   76.9    2.0   10.5    4.7    6.1    2.4  965.4                                      
10929 20140221  3    0.1    2.5    4.9    6.6   87.6    2.0   12.0    0.0    7.0    1.5  960.1                                      
10929 20140220  3   -0.1    1.9    5.8   11.3   82.4    1.0    4.4    7.6    3.0    3.0  962.3                                      
10929 20140219  3    2.1    3.3    4.8    7.3   90.7    1.0    3.1    0.0    6.4    0.0  963.8                                      
10929 20140218  3   -2.4   -0.4    3.0    7.8   88.6    1.0    3.4    2.4    4.7    0.0  963.7                                      
10929 20140217  3   -0.6    1.3    4.5    9.8   82.3    2.0    4.8    8.1    2.3    0.0  963.8                                      
10929 20140216  3    2.4    3.2    4.8    6.6   85.9    2.0    9.0    0.0    6.5    0.0  962.6                                      
10929 20140215  3    0.7    2.4    6.8   14.5   74.3    2.0   10.3    6.7    5.8    4.0  954.4                                      
10929 20140214  3   -1.5    0.9    4.3    7.0   73.0    2.0   10.7    0.6    6.0    0.0  957.7                                      
10929 20140213  3    0.0    2.0    4.3    9.4   86.5    3.0   23.3    1.8    6.3    6.4  951.8                                      
10929 20140212  3   -2.4   -0.6    3.0    8.5   82.7    2.0    7.6    4.1    3.5    1.4  958.2                                      
10929 20140211  3   -2.1    0.1    4.5    8.1   77.7    2.0   11.2    5.2    4.2    0.0  954.7                                      
10929 20140210  3   -1.9    0.3    4.7   10.9   66.4    2.0   10.3    1.7    5.7    0.8  943.7                                      
10929 20140209  3   -2.1    0.4    4.1    7.7   74.6    3.0   17.8    5.2    3.2    0.9  950.4                                      
10929 20140208  3   -2.3   -0.1    3.6    6.6   83.1    2.0   12.5    1.3    5.1    1.2  950.5                                      
10929 20140207  3   -1.3    0.9    4.6   10.7   82.8    2.0   14.3    2.3    4.8    1.2  953.1                                      
10929 20140206  3   -0.8    2.3    6.2   11.3   65.9    2.0    6.4    6.1    4.9    0.0  956.5                                      
10929 20140205  3   -0.2   -0.1    2.3    4.5   92.8    2.0    9.3    0.0    6.9    0.0  952.3                                      
10929 20140204  3   -1.3   -0.1    3.3    6.3   88.3    1.0    4.3    0.7    6.4    0.0  958.9                                      
10929 20140203  3    1.4    2.1    3.0    4.7   86.3    2.0    8.9    0.0    7.9    0.0  958.6                                      
10929 20140202  3    1.2    1.5    2.8    4.4   94.3    1.0    5.2    0.0    7.5    2.8  961.2                                      
10929 20140201  3   -3.8   -2.5    0.4    2.7   96.0    1.0    6.3    0.3    7.0    4.1  954.6                                      
10929 20140131  3   -3.5   -1.1    1.4    6.1   83.2    1.0    4.2    6.4    4.1    0.0  956.4                                      
10929 20140130  3   -4.3   -2.2   -0.3    1.4   86.5    1.0    4.2    0.0    5.8    0.0  952.7                                      
10929 20140129  3   -4.4   -2.2    0.3    4.4   76.9    2.0    5.3    5.7    3.5    0.0  947.6                                      
10929 20140128  3   -3.0   -1.0    2.2    6.6   78.2    2.0    5.4    8.3    4.4    0.0  948.8                                      
10929 20140127  3   -1.7    0.6    2.8    4.9   84.5    2.0   12.7    1.9    6.6    0.4  948.7                                      
10929 20140126  3    0.5    1.3    3.5    6.9   70.2    3.0   13.1    2.6    5.4    1.9  958.3                                      
10929 20140125  3   -0.8    0.2    1.4    4.9   84.6    2.0   12.2    2.9    7.2    0.2  964.8                                      
10929 20140124  3   -2.1    0.3    1.9    4.2   87.6    2.0   11.0    0.8    6.7    0.2  962.5                                      
10929 20140123  3   -2.6   -0.5    2.4    4.5   90.4    2.0   10.0    0.0    6.2    2.0  962.9                                      
10929 20140122  3   -2.3    0.9    3.2    5.4   85.4    1.0    4.3    0.0    7.3    0.0  960.0                                      
10929 20140121  3   -0.9    0.9    3.6    4.4   92.0    2.0    8.2    0.0    7.7    0.5  959.1                                      
10929 20140120  3    1.7    1.5    3.2    4.6   93.0    2.0    7.6    0.0    7.9    1.2  951.0                                      
10929 20140119  3   -0.8    0.3    1.7    2.6   94.2    1.0    4.0    0.0    6.5    0.0  947.1                                      
10929 20140118  3   -0.3    0.8    1.7    2.3   97.8    1.0    4.5    0.0    7.6    0.0  951.0                                      
10929 20140117  3   -0.1    1.4    4.3    6.0   95.2    2.0    8.2    0.7    6.2    0.0  954.1                                      
10929 20140116  3    1.0    2.3    4.1    6.1   87.4    1.0    5.3    0.0    6.8    1.4  955.0                                      
10929 20140115  3   -2.5   -0.1    3.2    6.5   85.9    2.0    6.8    6.1    4.1    0.0  960.2                                      
10929 20140114  3    0.7    2.4    3.7    4.5   94.9    1.0    7.4    0.0    7.8    7.0  956.0                                      
10929 20140113  3    0.0    1.9    3.8    5.1   91.0    2.0    5.2    0.0    7.7    3.0  963.3                                      
10929 20140112  3    1.4    2.6    4.8    8.9   93.6    1.0    4.8    2.8    7.3    0.0  970.2                                      
10929 20140111  3    1.4    1.3    3.2    6.3   98.8    1.0    5.6    0.0    7.5    2.0  967.6                                      
10929 20140110  3   -0.5    1.6    4.6    7.7   90.8    2.0    9.6    0.4    6.8    0.0  967.4                                      
10929 20140109  3    0.5    2.2    5.9   10.1   85.4    2.0   13.0    2.6    5.4    6.5  964.1                                      
10929 20140108  3    1.2    3.1    6.2   11.4   85.0    1.0    4.0    4.7    6.3    0.0  970.0                                      
10929 20140107  3    0.8    3.2    6.4   11.9   76.3    1.0    4.5    7.2    3.6    0.3  967.1                                      
10929 20140106  3   -2.4   -1.8    2.1    7.5   88.4    1.0    4.9    3.9    6.0    0.0  963.6                                      
10929 20140105  3   -2.3   -0.2    4.0    7.2   86.6    2.0   14.2    2.7    5.2    0.0  958.5                                      
10929 20140104  3    1.2    3.1    4.9    6.9   94.4    2.0    9.5    0.0    5.5    1.7  956.0                                      
10929 20140103  3   -1.1   -0.8    3.1    7.5   94.5    2.0    6.7    0.0    6.1    0.7  962.3                                      
10929 20140102  3   -2.3   -1.2    1.8    5.2   98.4    1.0    6.5    0.1    5.8    1.5  958.0                                      
10929 20140101  3   -3.1   -2.6    0.9    7.1   94.8    1.0    4.7    5.3    4.1    0.1  962.4                                      
10929 20131231  3   -3.3   -2.6   -0.5    2.5   95.0    2.0    4.7    3.6    5.4    0.0  967.2                                      
10929 20131230  3   -3.5   -1.2    1.7    5.3   91.3    1.0    4.8    4.2    4.0    0.0  973.7                                      
10929 20131229  3   -1.4    1.5    4.2    8.1   82.5    2.0    9.4    2.8    5.8    0.2  967.8                                      
10929 20131228  3   -2.0   -1.6    1.3    5.9   97.1    2.0    9.1    2.2    4.8    0.3  955.5                                      
10929 20131227  3   -2.5   -0.5    1.3    4.5   94.9    1.0    7.9    4.3    2.6    0.0  957.6                                      
10929 20131226  3    0.4    1.1    2.9    4.6   95.7    3.0    9.9    0.0    7.0   17.8  945.8                                      
10929 20131225  3    0.7    2.3    4.7    7.6   87.1    2.0   11.6    0.3    4.9    4.4  943.2                                      
10929 20131224  3   -1.3   -0.2    3.6   10.0   91.0    2.0    5.0    3.1    2.4    0.0  953.2                                      
10929 20131223  3   -0.8    1.7    8.0   12.9   75.0    2.0   10.0    6.9    3.3    0.0  967.7                                      
10929 20131222  3    0.5    0.3    4.5    9.5   88.2    2.0   10.8    0.8    5.0    0.0  972.6                                      
10929 20131221  3    0.1   -0.1    0.6    1.4   99.4    1.0    3.5    0.0    7.8    0.0  979.2                                      
10929 20131220  3   -1.3    0.4    3.9    5.3   95.8    2.0    7.8    0.0    4.7    0.5  972.9                                      
10929 20131219  3   -1.1   -1.3    1.6    4.5   99.0    1.0    6.5    0.0    6.5    0.2  962.0                                      
10929 20131218  3   -2.2   -2.7   -0.7    1.8   99.8    1.0    3.3    0.0    7.9    0.0  971.4                                      
10929 20131217  3   -2.6   -3.2   -1.5   -0.2   99.7    1.0    4.2    0.0    8.0    0.0  976.1                                      
10929 20131216  3   -1.8   -2.3   -1.2   -0.2  100.0    1.0    3.3    0.0    8.0    0.0  979.4                                      
10929 20131215  3   -2.4   -0.8    0.6    2.2   97.0    1.0    3.6    0.1    6.7    0.0  980.8                                      
10929 20131214  3   -2.8   -3.3   -0.5    1.8   96.4    1.0    4.5    0.0    7.1    3.1  978.0                                      
10929 20131213  3   -2.6   -3.1   -2.1   -1.3   97.3    1.0    4.5    0.0    7.6    0.0  974.4                                      
10929 20131212  3   -1.6   -1.9   -0.7    0.5   96.5    1.0    3.5    0.0    7.8    0.0  978.1                                      
10929 20131211  3   -3.3   -0.6    0.1    0.9   99.2    1.0    2.8    0.0    7.3    0.0  981.2                                      
10929 20131210  3   -4.2   -2.6    1.3    7.7   87.4    1.0    3.8    6.5    1.5    0.0  981.1                                      
10929 20131209  3   -4.5   -1.9    0.8    5.4   89.5    1.0    3.9    6.7    3.5    0.0  979.4                                      
10929 20131208  3   -4.3   -2.3    0.8    6.1   84.5    1.0    3.7    6.6    1.1    0.0  976.7                                      
10929 20131207  3   -2.8   -0.2    2.7    6.9   65.4    2.0    9.5    4.7    5.3    0.0  975.9                                      
10929 20131206  3    0.4    1.1    3.8    5.7   70.5    4.0   16.3    3.8    7.0    0.0  970.7                                      
10929 20131205  3   -1.1    0.5    3.1    5.7   80.6    3.0   16.8    4.7    6.8    1.3  973.0                                      
10929 20131204  3   -2.1   -2.8    0.1    3.8   91.8    1.0    4.1    5.5    7.0    0.0  975.1                                      
10929 20131203  3   -3.7   -2.8   -0.7    1.4   92.6    1.0    4.0    0.7    7.1    0.0  976.1                                      
10929 20131202  3   -3.9   -1.2    2.8    6.4   74.8    3.0   13.6    6.3    3.7    0.0  975.6                                      
10929 20131201  3   -3.0   -1.1    1.7    5.2   78.0    2.0    9.3    7.9    3.7    0.0  974.3                                      
10929 20131130  3   -2.2   -0.4    2.0    5.7   89.4    2.0   10.7    5.2    5.0    0.0  967.4                                      
10929 20131129  3   -0.2    0.4    1.8    3.5   81.3    2.0    9.9    0.7    7.8    4.0  972.8                                      
10929 20131128  3   -5.9   -4.3   -1.3    0.5   82.4    1.0    2.9    0.0    6.8    0.0  978.4                                      
10929 20131127  3   -6.1   -4.0   -1.7    1.7   73.2    2.0    8.2    8.3    0.9    0.0  978.2                                      
10929 20131126  3   -4.6   -2.5   -0.4    2.8   75.0    2.0    6.6    1.2    5.7    0.0  977.5                                      
10929 20131125  3   -3.7   -0.9    1.0    3.2   67.6    2.0   10.5    7.2    4.5    0.0  973.9                                      
10929 20131124  3    1.9    2.3    4.6    5.7   85.5    2.0    8.5    0.0    7.6    1.4  964.3                                      
10929 20131123  3    1.7    2.4    4.4    5.7   93.3    2.0    8.4    0.0    8.0    4.8  957.3                                      
10929 20131122  3   -0.5    1.5    2.7    3.4   92.9    2.0   10.3    0.0    7.8    0.9  950.6                                      
10929 20131121  3   -0.6    0.8    2.7    3.6   88.9    2.0    8.3    1.0    7.3    0.8  945.8                                      
10929 20131120  3    1.8    2.1    3.1    4.4   92.4    2.0    5.2    0.1    7.8    1.4  952.8                                      
10929 20131119  3    2.8    3.0    3.8    4.9   96.8    2.0    6.3    0.0    7.6    3.6  952.8                                      
10929 20131118  3   -0.1    2.0    3.7    5.0   93.7    1.0    3.4    0.0    7.3    0.0  960.5                                      
10929 20131117  3    3.7    4.1    4.4    4.8   84.5    2.0    5.8    0.0    8.0    0.0  969.1                                      
10929 20131116  3    4.0    4.3    4.6    5.3   85.0    2.0    8.0    0.0    8.0    0.0  973.8                                      
10929 20131115  3    1.9    2.8    3.9    4.7   79.3    3.0   12.1    0.0    7.9    0.0  969.0                                      
10929 20131114  3    2.6    3.7    4.4    5.6   77.7    2.0    8.8    0.0    7.3    0.0  968.9                                      
10929 20131113  3   -2.1   -0.2    3.7    6.8   82.7    2.0    8.9    0.2    6.5    0.0  975.3                                      
10929 20131112  3   -1.7    0.3    2.7    4.1   81.0    2.0    8.5    0.0    5.5    0.0  973.3                                      
10929 20131111  3    1.0    2.7    4.8    8.2   80.5    2.0    9.7    2.0    5.0    0.0  974.9                                      
10929 20131110  3    3.2    3.8    5.9    7.9   85.8    2.0   18.6    0.0    7.6   13.7  957.7                                      
10929 20131109  3    2.6    5.3    8.4   11.1   78.5    2.0   10.5    1.8    5.0    0.2  962.4                                      
10929 20131108  3    5.3    7.4   12.1   18.7   80.5    2.0   13.6    5.2    5.0    4.8  960.2                                      
10929 20131107  3    7.6    9.6   13.9   18.6   70.6    3.0   14.7    6.6    4.0    0.0  962.8                                      
10929 20131106  3    6.8    7.6   10.7   13.7   83.1    3.0   14.4    0.1    7.5    0.7  957.0                                      
10929 20131105  3    2.5    4.3    7.1    9.8   82.9    2.0   14.8    2.6    5.9    2.8  950.1                                      
10929 20131104  3    2.9    5.6    8.1   11.2   83.3    3.0   10.6    0.3    6.5    4.6  948.6                                      
10929 20131103  3    2.3    5.0    8.6   12.3   84.0    3.0   18.3    1.7    4.5    5.4  958.9                                      
10929 20131102  3    7.3    7.7   12.2   19.0   82.8    2.0   14.7    3.8    4.6    5.9  958.9                                      
10929 20131101  3    4.7    5.0    7.2    9.2   95.5    1.0    2.7    0.0    5.5    1.6  967.5                                      
10929 20131031  3    1.3    3.1    6.0    9.0   88.0    1.0    3.4    0.0    3.3    0.0  972.2                                      
10929 20131030  3    3.1    5.5    9.6   14.8   76.7    2.0    4.8    7.3    3.3    0.0  971.7                                      
10929 20131029  3    8.0    8.2   10.6   13.9   81.2    2.0   10.6    1.6    7.0    0.3  965.9                                      
10929 20131028  3    9.5   11.1   16.3   22.9   64.0    3.0   18.1    5.9    3.2    5.8  959.3                                      
10929 20131027  3   10.1   10.5   13.7   17.1   88.0    2.0   15.6    0.6    4.6    6.8  964.1                                      
10929 20131026  3    8.1    9.3   12.0   16.6   93.1    1.0    4.0    2.2    4.5    0.8  966.7                                      
10929 20131025  3    8.2    8.2   11.0   16.1   96.3    1.0    4.7    1.5    5.2    0.0  966.0                                      
10929 20131024  3    7.5    8.4   11.7   18.5   94.5    1.0    4.4    3.9    2.5    0.0  967.0                                      
10929 20131023  3   10.1   11.0   12.9   16.2   93.0    2.0   11.7    0.0    4.8    7.1  961.7                                      
10929 20131022  3    9.2   10.0   13.6   22.6   88.5    2.0    5.8    5.3    4.7    0.0  960.8                                      
10929 20131021  3    9.2   10.2   12.4   18.0   94.2    1.0    4.4    2.7           0.0  967.2                                      
10929 20131020  3    8.7   10.2   12.5   15.7   92.5    1.0    6.7    1.1           1.4  966.8                                      
10929 20131019  3    4.5    6.2   11.1   18.5   89.3    1.0    3.2    4.8           0.0  965.3                                      
10929 20131018  3    5.1    6.4   10.6   17.7   85.7    1.0    5.2    5.2           0.0  966.6                                      
10929 20131017  3    6.2    8.3   12.3   16.6   78.9    3.0   12.2    9.4           0.0  967.0                                      
10929 20131016  3    5.5    7.3   10.6   15.1   82.8    2.0    6.8    5.1    4.3    1.8  963.3                                      
10929 20131015  3    8.3    8.9   12.4   16.4   85.3    3.0   13.1    2.1    7.0   17.3  961.0                                      
10929 20131014  3    7.0    8.0   11.2   16.1   86.3    1.0    4.3    2.5    6.5    1.8  966.6                                      
10929 20131013  3    4.9    5.9    9.5   14.1   80.5    2.0    5.9    8.9    5.4    0.3  967.7                                      
10929 20131012  3    2.7    3.7    6.6   11.2   84.8    2.0    6.4    1.8    4.8    1.5  963.9                                      
10929 20131011  3    3.2    3.7    5.9    9.8   89.6    2.0    5.3    1.9    5.5    0.9  961.4                                      
10929 20131010  3    4.0    4.1    7.4   11.9   91.0    2.0   12.0    0.0    6.8   24.6  959.3                                      
10929 20131009  3    9.4   10.8   12.5   14.4   89.3    1.0    5.4    0.0    7.4    0.0  968.3                                      
10929 20131008  3   11.5   11.5   12.4   13.2   96.3    1.0    2.9    0.0    8.0    0.9  971.7                                      
10929 20131007  3   11.1   11.2   12.4   14.5   88.6    2.0    7.0    0.0    7.7    0.2  971.9                                      
10929 20131006  3    9.0   10.6   13.1   16.4   89.5    2.0    8.8    2.2    6.9    1.0  970.9                                      
10929 20131005  3   12.5   12.7   14.9   19.5   89.4    2.0   12.1    0.6    7.7    4.9  965.8                                      
10929 20131004  3   10.0   10.3   12.8   16.8   90.9    1.0    3.5    0.3    5.9   10.0  967.8                                      
10929 20131003  3    5.5    6.4    9.4   13.1   85.8    2.0    5.3    1.9    6.8    0.9  967.9                                      
10929 20131002  3    5.6    7.0   10.6   16.8   80.0    2.0    6.6    5.5    3.8    0.0  965.3                                      
10929 20131001  3    6.7    8.7   12.2   16.4   81.3    1.0    5.5    1.3    5.9    0.0  959.7                                      
10929 20130930  3    9.9   10.4   11.3   12.5   84.1    1.0    4.4    0.0    8.0    0.0  956.0                                      
10929 20130929  3   11.8   12.0   13.3   14.5   85.5    2.0    8.2    0.0    8.0    0.0  955.2                                      
10929 20130928  3   12.2   13.5   15.6   19.7   90.8    1.0    5.4    2.1    7.5    0.1  959.5                                      
10929 20130927  3   12.2   13.5   16.5   21.2   91.3    1.0    5.0    2.6    6.0   11.0  963.1                                      
10929 20130926  3   13.5   14.6   16.4   21.1   91.3    2.0    6.9    2.8    6.6    2.7  963.3                                      
10929 20130925  3   10.5   10.7   15.2   22.9   85.3    1.0    8.3    6.4    5.5    1.5  962.0                                      
10929 20130924  3    7.5    9.2   12.5   18.5   91.4    1.0    3.5    4.5    4.8    0.0  965.6                                      
10929 20130923  3    6.3    7.5   14.1   22.0   81.6    1.0    3.7   10.5    0.6    0.0  972.1                                      
10929 20130922  3    7.1    7.7   12.5   21.2   86.6    1.0    3.8    6.1    4.1    0.0  975.5                                      
10929 20130921  3    7.0    8.7   13.6   20.1   78.3    1.0    4.4   10.3    4.4    0.0  973.7                                      
10929 20130920  3    9.1   10.7   13.7   18.5   74.8    2.0    9.6    4.4    6.3    0.0  967.2                                      
10929 20130919  3    8.4    9.1   12.6   16.9   72.3    2.0    7.2    6.8    5.9    0.0  962.7                                      
10929 20130918  3    8.8    8.9   14.5   19.4   82.7    4.0   19.3    1.9    7.2    5.3  952.4                                      
10929 20130917  3    6.6    7.3    9.8   13.1   82.1    3.0   12.7    3.4    6.4    7.0  957.1                                      
10929 20130916  3    8.0    8.6   12.0   13.4   88.9    2.0   10.2    0.0    7.8   15.8  956.1                                      
10929 20130915  3   12.6   13.2   15.9   20.0   86.4    2.0   11.3    1.6    7.5    0.6  960.2                                      
10929 20130914  3    9.9   10.7   15.0   19.5   85.2    1.0    4.0    0.9    7.3    8.4  965.7                                      
10929 20130913  3    9.7   10.5   13.2   18.0   81.2    2.0    5.8    2.0    6.3    0.0  970.0                                      
10929 20130912  3   10.2   10.4   11.7   14.1   89.2    3.0   11.5    0.3    7.5    8.2  966.2                                      
10929 20130911  3    7.1    9.0   11.8   14.4   78.1    3.0   11.0    1.1    6.0   10.2  965.7                                      
10929 20130910  3    9.3   10.7   13.4   15.1   81.3    2.0   11.0    0.1    7.5    1.8  965.2                                      
10929 20130909  3   11.7   12.8   15.1   20.0   70.8    2.0    9.7    7.4    4.1    0.3  968.5                                      
10929 20130908  3   13.6   13.8   16.9   19.2   86.0    2.0   12.0    0.1    7.1   19.6  967.1                                      
10929 20130907  3   15.3   17.2   22.0   28.7   68.3    2.0   14.2   10.5    3.0    0.0  964.7                                      
10929 20130906  3   13.5   15.1   21.0   29.0   74.4    1.0    4.2   10.6    1.1    0.0  961.5                                      
10929 20130905  3   12.8   14.4   20.8   28.8   71.7    1.0    3.7   12.5    0.1    0.0  965.0                                      
10929 20130904  3   11.9   14.0   20.5   28.8   67.0    1.0    4.0   12.7    0.4    0.0  970.7                                      
10929 20130903  3    8.7   10.2   18.5   27.7   66.7    2.0    4.4   12.6    0.3    0.0  974.6                                      
10929 20130902  3    8.7   10.2   15.6   23.5   70.1    2.0    4.9    6.3    3.5    0.0  974.9                                      
10929 20130901  3    9.4   11.0   16.5   20.8   77.5    2.0    9.2    1.4    6.0    2.0  972.9                                      
10929 20130831  3   12.2   13.9   19.0   25.5   66.6    2.0    7.2    7.9    5.0    0.4  970.2                                      
10929 20130830  3    9.8   11.5   17.9   25.8   66.5    1.0    4.4   11.1    1.8    0.0  969.0                                      
10929 20130829  3    9.7   11.2   17.1   24.0   73.2    2.0    4.8   12.1    0.5    0.0  969.2                                      
10929 20130828  3   11.6   13.2   16.1   20.7   82.5    1.0    3.9    1.4    6.0    0.0  966.2                                      
10929 20130827  3   11.4   12.8   15.8   20.5   83.1    1.0    6.8    0.2    5.4    6.3  961.7                                      
10929 20130826  3   10.6   11.8   16.4   22.6   75.1    2.0    5.3    5.4    5.0    0.0  960.9                                      
10929 20130825  3   11.8   12.8   14.9   17.5   87.8    2.0    9.1    0.0    7.0   10.5  960.7                                      
10929 20130824  3   12.5   14.0   17.3   21.2   82.6    2.0   11.9    2.6    4.8    5.7  961.8                                      
10929 20130823  3   11.9   13.6   18.8   25.4   69.0    1.0    4.0    5.1    3.3    0.0  964.7                                      
10929 20130822  3   10.0   12.1   19.0   26.5   60.5    2.0    5.8   11.9    1.8    0.0  967.0                                      
10929 20130821  3   10.1   12.4   18.4   25.5   59.0    2.0    7.1   13.2    0.5    0.0  971.3                                      
10929 20130820  3   10.5   12.7   17.4   22.9   62.8    2.0    7.8   11.9    2.1    0.0  974.4                                      
10929 20130819  3   14.2   15.5   19.1   23.4   80.3    2.0   11.2    0.9    6.4    2.3  967.1                                      
10929 20130818  3   15.2   16.5   23.1   30.0   60.1    2.0    7.6   11.2    3.5    2.2  965.4                                      
10929 20130817  3   14.6   15.9   22.6   30.1   61.5    1.0    8.3   12.5    2.4    0.0  965.9                                      
10929 20130816  3   10.8   12.5   20.1   27.6   61.5    1.0    5.7   13.6    0.7    0.0  967.4                                      
10929 20130815  3   10.1   12.1   18.9   25.7   54.3    2.0    4.9   13.6    2.0    0.0  970.2                                      
10929 20130814  3   12.5   13.4   17.7   23.0   56.5    2.0    6.8    9.1    5.3    0.0  970.5                                      
10929 20130813  3   13.3   14.5   19.3   24.4   59.0    2.0    8.1    9.0    4.8    0.0  967.6                                      
10929 20130812  3   13.6   15.1   20.7   26.7   60.5    2.0    9.8   13.1    2.4    0.0  965.5                                      
10929 20130811  3   14.6   16.0   20.0   25.0   60.2    2.0    8.9   11.9    4.1    0.0  967.9                                      
10929 20130810  3   11.8   13.0   18.5   25.7   75.6    1.0    5.3    9.8    2.5    0.0  969.6                                      
10929 20130809  3   12.0   13.1   16.5   18.3   93.3    1.0    5.9    0.8    6.0    9.5  969.7                                      
10929 20130808  3   16.4   17.1   18.5   20.3   89.2    1.0    5.8    0.4    6.7    6.8  965.3                                      
10929 20130807  3   16.2   17.5   21.3   25.9   73.5    2.0   10.1    3.5    5.5    0.7  961.4                                      
10929 20130806  3   16.8   17.7   23.6   32.7   70.3    2.0   23.1    9.6    2.3    6.4  964.1                                      
10929 20130805  3   16.0   17.5   24.5   33.0   65.7    2.0    7.5   13.2    1.0    1.5  965.9                                      
10929 20130804  3   16.5   17.6   22.0   26.9   73.5    2.0   19.2   10.6    2.0    0.6  969.6                                      
10929 20130803  3   17.9   19.3   25.2   31.6   62.6    2.0    7.7    7.3    2.2    0.0  967.3                                      
10929 20130802  3   15.4   16.9   25.3   34.5   60.4    1.0    3.7   13.3    0.0    0.0  965.2                                      
10929 20130801  3   14.1   15.6   23.3   32.3   59.2    2.0    4.2   14.1    0.3    0.0  966.2                                      
10929 20130731  3   14.1   16.4   22.1   28.4   62.3    2.0    8.5   11.5    2.2    0.0  969.6                                      
10929 20130730  3   14.3   15.2   19.7   24.9   68.5    2.0    9.9   10.9    3.8    0.0  970.7                                      
10929 20130729  3   13.3   14.8   17.1   19.8   89.5    2.0   12.9    0.1    5.9   21.9  966.9                                      
10929 20130728  3   18.6   19.4   26.0   36.7   58.0    2.0   14.3    9.1    3.1    3.8  961.2                                      
10929 20130727  3   18.4   19.8   27.0   35.7   60.7    1.0    5.0   13.7    0.4    0.0  960.0                                      
10929 20130726  3   17.5   18.6   25.5   34.1   63.5    2.0    5.4   13.2    1.6    0.0  964.0                                      
10929 20130725  3   16.1   17.0   22.7   29.2   78.8    1.0    6.6    7.5    2.8    0.0  966.0                                      
10929 20130724  3   15.8   16.5   19.7   24.4   89.0    2.0   10.8    6.6    3.1   16.5  965.5                                      
10929 20130723  3   17.0   17.7   23.9   32.5   66.2    2.0   12.1   10.0    2.5    7.0  963.5                                      
10929 20130722  3   16.1   17.9   24.8   32.5   55.9    1.0    4.7   14.2    0.9    0.0  965.8                                      
10929 20130721  3   16.2   18.1   24.6   32.0   52.1    2.0    5.4   14.4    0.5    0.0  966.9                                      
10929 20130720  3   15.4   17.1   24.2   31.4   57.6    2.0    6.5   13.9    1.5    0.0  966.2                                      
