10805 20140719  1   13.8   16.1   25.4   34.1   62.6    2.0    5.6   12.1    3.8    0.6  993.8                                      
10805 20140718  1   13.1   15.2   25.4   34.7   58.5    1.0    5.8   14.4    1.1    0.0  998.4                                      
10805 20140717  1   12.5   14.2   22.7   29.8   70.3    2.0    6.6   14.6    0.8    0.0 1001.8                                      
10805 20140716  1   11.8   13.5   21.2   28.7   70.4    1.0    6.9   14.3    1.8    0.0 1002.8                                      
10805 20140715  1   12.1   13.8   20.0   26.1   70.0    2.0    6.3   14.1    2.5    0.0 1002.5                                      
10805 20140714  1   14.6   15.8   18.8   23.7   87.0    2.0    8.4    3.2    6.3    6.6  996.8                                      
10805 20140713  1   14.2   14.8   18.9   24.2   83.6    2.0    9.0    3.9    6.8    9.1  993.6                                      
10805 20140712  1   13.9   14.5   18.5   23.8   88.3    2.0    7.3    1.8    7.0    0.6  995.4                                      
10805 20140711  1   15.3   15.5   18.8   26.0   84.8    2.0    9.2    3.4    6.7   24.3  995.0                                      
10805 20140710  1   11.5   11.8   15.1   18.3   89.5    2.0    9.9    0.0    7.7   12.4  992.1                                      
10805 20140709  1   11.6   11.8   13.4   14.4   90.2    3.0   10.3    0.0    8.0   11.2  993.2                                      
10805 20140708  1   14.0   14.3   15.9   17.8   90.3    3.0   10.0    0.0    7.8    6.2  993.3                                      
10805 20140707  1   15.4   15.1   18.6   23.1   87.5    2.0    9.1    3.7    7.4   29.7  996.4                                      
10805 20140706  1   14.4   16.4   23.0   31.1   70.3    2.0   22.2   10.2    4.5   13.9  992.8                                      
10805 20140705  1   14.1   15.7   19.8   23.2   80.1    3.0   10.9    0.9    7.3    1.6  993.9                                      
10805 20140704  1   10.5   12.7   20.5   30.4   69.0    2.0   14.0    5.6    5.9    4.6  994.0                                      
10805 20140703  1   11.1   13.5   21.5   30.1   57.4    2.0    5.7   14.7    1.9    0.0 1003.9                                      
10805 20140702  1   11.0   12.5   18.8   25.0   65.0    2.0    7.9   11.6    4.2    0.0 1001.5                                      
10805 20140701  1    7.8    9.1   17.8   25.5   63.6    2.0    7.3   12.4    4.0    0.1  998.8                                      
10805 20140630  1    9.2   11.0   15.5   21.6   80.8    2.0    7.8    3.4    6.9    2.9  998.4                                      
10805 20140629  1   12.7   13.5   17.5   21.8   76.2    3.0   13.5    1.3    7.0    8.2  992.1                                      
10805 20140628  1   12.3   14.8   19.4   23.5   72.9    2.0   15.6    1.4    7.4    6.7  993.7                                      
10805 20140627  1    8.0   10.2   20.8   27.1   48.0    2.0    7.5    8.7    4.7    0.0  996.8                                      
10805 20140626  1    4.1    6.8   16.8   24.9   53.9    2.0    7.8   14.9    1.5    0.0  995.6                                      
10805 20140625  1    6.0    9.9   17.0   22.4   63.2    3.0   11.1   12.3    1.8    0.0  994.2                                      
10805 20140624  1   10.0   12.9   19.2   25.9   68.5    2.0    6.2   11.3    3.3    0.0  997.2                                      
10805 20140623  1    7.2   10.5   18.9   26.9   63.8    2.0    9.4    9.4    4.7    3.5 1000.1                                      
10805 20140622  1    6.0    9.2   18.8   26.8   56.6    2.0    7.4   12.8    2.4    0.0 1000.1                                      
10805 20140621  1    4.7    7.6   16.9   24.3   59.2    2.0    8.5   14.9    2.1    0.0  999.3                                      
10805 20140620  1    6.9   10.8   16.6   22.3   66.5    2.0    9.7    4.1    4.0    0.0  999.4                                      
10805 20140619  3    8.2   11.9   19.2   25.9   57.6    2.0   10.4   13.7    3.9    0.0  999.2                                      
10805 20140618  3    8.0   11.0   19.1   26.1   61.1    3.0   11.7   11.6    2.4    0.0  999.4                                      
10805 20140617  3   10.5   11.7   17.5   23.2   66.3    3.0   11.7   10.4    5.5    0.5  999.6                                      
10805 20140616  3    5.7    9.1   17.8   24.4   55.5    3.0   12.7   12.2    3.0    0.0  999.6                                      
10805 20140615  3    5.3    8.4   16.8   24.2   59.3    3.0   13.8   12.0    1.8    0.0 1000.0                                      
10805 20140614  3    7.8   10.9   17.2   22.3   64.5    3.0   11.5    9.2    4.0    0.0  999.4                                      
10805 20140613  3   12.5   15.0   21.1   27.0   57.3    3.0    9.5   11.2    3.1    0.0 1000.8                                      
10805 20140612  3   16.0   17.0   23.1   29.6   69.1    3.0    9.3   11.6    4.5    0.0 1004.1                                      
10805 20140611  3   14.7   17.1   24.6   30.3   58.4    2.0    9.9   13.7    2.6    0.0 1003.8                                      
10805 20140610  3   17.6   19.8   26.6   34.3   45.0    2.0    8.7    9.6    4.9    0.0  998.9                                      
10805 20140609  3   13.3   16.3   28.2   36.6   46.2    2.0   10.7   14.3    2.1    0.2  997.5                                      
10805 20140608  3   12.7   15.7   25.8   34.5   52.6    2.0   10.0   14.5    0.5    0.0  998.7                                      
10805 20140607  3    9.8   12.3   23.7   32.6   54.2    2.0    7.2   13.6    2.4    0.0  997.1                                      
10805 20140606  3    4.4    7.4   19.1   29.4   60.5    2.0    7.1   14.2    2.2    0.0  997.3                                      
10805 20140605  3    6.4    9.5   15.9   22.2   64.0    2.0    8.4   10.1    4.2    0.0  996.9                                      
10805 20140604  3    7.3    9.9   15.6   20.9   79.7    2.0   11.2    2.2    6.1    2.5  991.6                                      
10805 20140603  3    6.9    9.9   17.1   22.7   64.7    2.0    6.4    8.1    4.2    0.0  996.3                                      
10805 20140602  3    9.0   11.3   16.9   21.9   66.6    2.0    8.2    7.8    4.8    0.0  999.2                                      
10805 20140601  3    5.5    8.4   16.0   23.4   62.6    2.0    7.1    4.9    5.5    0.0 1000.4                                      
10805 20140531  3    1.5    5.1   14.4   22.3   62.7    2.0   11.1   12.8    1.8    0.0 1001.7                                      
10805 20140530  3    5.4    7.8   13.7   18.5   75.9    3.0   10.2    5.6    5.5    0.0 1000.9                                      
10805 20140529  3    6.4    8.7   15.5   21.7   72.1    2.0    7.2    8.4    5.4    0.0  996.7                                      
10805 20140528  3    7.8   10.3   15.9   20.9   69.4    2.0    8.0    5.4    6.5    0.0  994.7                                      
10805 20140527  3   12.7   13.6   15.3   18.3   78.4    2.0   10.9    0.1    7.4    0.0  994.6                                      
10805 20140526  3   13.8   14.3   17.0   20.5   77.5    2.0    7.4    1.8    7.4    0.4  995.9                                      
10805 20140525  3   10.3   11.1   17.0   23.3   71.8    2.0   10.3    9.3    6.8    0.0  999.3                                      
10805 20140524  3    8.5   10.5   14.9   20.6   72.3    2.0   10.2    8.1    4.6    1.2  998.2                                      
10805 20140523  3   12.1   12.4   16.8   23.2   72.2    2.0   11.0   10.5    4.3    6.5  992.7                                      
10805 20140522  3   10.1   13.2   18.4   25.0   66.5    2.0   14.6    8.4    4.6    7.6  991.9                                      
10805 20140521  3    9.2   11.9   20.7   28.2   63.7    2.0    5.6   10.9    4.9    0.0  992.1                                      
10805 20140520  3    9.3   12.1   19.7   27.2   63.2    1.0    6.0    8.2    4.7    0.0  993.4                                      
10805 20140519  3    8.8   10.5   18.9   26.0   58.4    2.0    7.8   11.5    3.6    0.0  990.3                                      
10805 20140518  3    3.3    5.8   15.2   22.1   65.7    2.0    7.8   14.3    1.2    0.0  994.9                                      
10805 20140517  3    1.9    3.9   13.2   20.5   67.6    2.0   10.9   13.8    2.0    0.0 1001.5                                      
10805 20140516  3    4.5    6.0   12.6   18.9   71.2    3.0   12.9    7.4    6.0    0.0 1008.1                                      
10805 20140515  3    5.2    7.0   10.5   13.8   73.1    3.0   11.8   10.2    4.8    0.0 1012.2                                      
10805 20140514  3    7.8    8.8   12.4   17.0   69.4    2.0    9.5    9.2    5.8    0.7 1008.4                                      
10805 20140513  3    7.7    8.3   10.2   14.5   86.1    2.0    9.6    3.7    7.1    8.1  999.6                                      
10805 20140512  3    7.2    7.5   10.3   14.5   82.0    3.0   15.1    2.3    7.0   11.9  996.5                                      
10805 20140511  3    7.6    8.6   12.2   17.6   73.2    4.0   21.7    4.6    6.5    6.0  992.9                                      
10805 20140510  3    8.4   10.3   15.5   19.1   75.2    3.0   14.6    1.1    6.4    6.0  995.7                                      
10805 20140509  3    9.5   12.9   15.9   20.3   81.5    3.0   12.7    5.1    6.5    3.6  998.4                                      
10805 20140508  3    9.3   10.5   15.4   21.1   73.9    3.0   11.0    4.8    6.8    7.3  998.0                                      
10805 20140507  3   10.4   11.5   14.3   17.0   78.7    3.0   10.7    3.2    6.9   11.9  996.7                                      
10805 20140506  3    5.0    6.9   16.5   21.5   55.4    3.0   16.2    3.4    6.2    1.3  994.8                                      
10805 20140505  3    0.3    2.8   12.3   21.9   69.0    1.0    5.6   13.4    2.6    0.0  997.8                                      
10805 20140504  3    2.4    4.3   10.3   16.2   69.4    2.0    9.3   13.4    2.6    0.0 1002.6                                      
10805 20140503  3    6.6    7.1    8.8   10.8   83.3    3.0   10.7    0.0    7.5    0.0 1002.2                                      
10805 20140502  3    7.1    8.3   12.5   18.4   88.3    2.0   11.5    2.8    6.9    2.7  994.6                                      
10805 20140501  3    7.4    8.9   12.4   14.8   92.5    2.0    6.1    0.1    7.5   16.1  993.5                                      
10805 20140430  3    7.7    9.0   12.5   15.5   90.5    2.0    7.0    0.2    7.5    2.2  992.5                                      
10805 20140429  3   10.3   10.7   12.5   15.0   86.3    2.0    6.3    0.4    7.9    0.0  994.2                                      
10805 20140428  3    9.0   10.0   11.7   14.1   84.9    1.0    5.3    0.0    8.0    3.0  992.5                                      
10805 20140427  3    9.8   10.0   12.4   15.8   81.1    2.0    6.8    2.1    7.8    1.4  990.8                                      
10805 20140426  3   11.8   12.0   14.9   19.4   80.8    2.0    6.6    3.8    7.2    7.9  992.9                                      
10805 20140425  3    4.6    6.8   16.1   23.2   67.8    2.0    8.8   10.3    6.3    2.9  992.4                                      
10805 20140424  3    8.6   10.0   16.1   23.3   73.0    2.0    8.0   11.1    4.3    0.0  997.2                                      
10805 20140423  3    3.4    5.8   13.1   22.0   80.6    2.0    7.8    8.1    4.5    3.5  999.8                                      
10805 20140422  3    3.3    5.6   13.6   21.2   73.4    1.0    6.0    9.0    5.3    0.0  993.6                                      
10805 20140421  3    3.6    5.9   10.9   14.2   86.9    2.0    6.3    0.2    7.0    0.6  986.5                                      
10805 20140420  3    1.8    3.5   10.8   18.0   80.1    2.0    9.1    3.6    4.8    0.0  987.0                                      
10805 20140419  3    0.0    1.6    7.1   11.5   85.8    2.0    9.0    0.0    7.3    0.0  992.4                                      
10805 20140418  3    1.8    4.3    8.2   11.8   76.2    2.0   11.0    1.1    7.1    2.9  994.5                                      
10805 20140417  3   -3.4   -1.1    9.4   18.4   55.1    2.0    7.8   12.5    1.8    0.3 1001.9                                      
10805 20140416  3   -3.4   -0.8    7.3   15.8   60.0    2.0   14.0   11.7    1.2    0.0 1008.3                                      
10805 20140415  3   -2.0    1.3    6.7   11.2   60.0    2.0    8.8    8.4    3.5    0.0 1006.6                                      
10805 20140414  3    1.3    4.7   10.8   15.9   60.8    3.0   13.2    4.9    4.3    0.0 1001.3                                      
10805 20140413  3    3.5    6.4   13.5   19.3   58.6    2.0    8.0   10.7    2.8    0.0 1000.9                                      
10805 20140412  3    4.2    6.6   14.3   21.3   65.0    2.0    6.8   10.5    5.7    0.0  997.4                                      
10805 20140411  3    1.5    4.0   13.5   22.8   65.7    2.0    7.4   12.1    2.9    0.0  997.4                                      
10805 20140410  3   -0.4    2.1   10.9   19.0   66.2    2.0    5.3   12.4    2.9    0.0 1002.8                                      
10805 20140409  3   -0.5    2.5    9.9   16.0   61.5    1.0    5.9   12.3    2.5    0.0 1007.4                                      
10805 20140408  3    7.5    8.8   13.6   18.5   62.3    3.0   13.5    4.3    5.7    0.3 1001.1                                      
10805 20140407  3    3.2    5.2   15.1   22.8   67.0    2.0    7.0    8.1    5.5    0.7  998.3                                      
10805 20140406  3    5.3    7.9   14.2   21.6   75.5    2.0    5.6    8.2    4.5    0.0 1001.0                                      
10805 20140405  3    6.0    7.8   12.0   14.2   91.1    1.0    3.7    0.0    7.0    0.9  996.6                                      
10805 20140404  3    6.0    8.0   13.0   17.3   76.1    2.0    4.0    0.0    7.4    0.1  987.9                                      
10805 20140403  3    6.7    8.5   14.9   21.2   66.6    2.0    5.1    0.3    6.8    0.0  985.9                                      
10805 20140402  3    2.9    4.9   15.1   24.1   59.3    2.0    8.3    9.9    4.1    0.0  989.1                                      
10805 20140401  3    3.1    6.0   13.8   21.6   65.9    1.0    5.3    8.1    5.9    0.0  993.3                                      
10805 20140331  3    2.4    4.5   12.9   21.1   64.8    1.0    5.4    9.5    4.6    0.0  995.7                                      
10805 20140330  3   -0.2    2.3   11.4   21.1   65.6    1.0    5.8    9.7    2.1    0.0  997.2                                      
10805 20140329  3   -1.6    1.3   10.8   20.2   66.9    2.0    6.2   11.6    3.4    0.0  999.0                                      
10805 20140328  3   -1.3    0.1    9.3   17.2   68.9    2.0    6.3   11.3    1.6    0.0  996.2                                      
10805 20140327  3   -3.8   -1.9    6.6   14.3   73.8    2.0    7.9   11.0    4.3    0.0  991.8                                      
10805 20140326  3   -3.9   -2.1    4.7   11.1   76.5    2.0    8.8    6.4    5.2    0.0  992.2                                      
10805 20140325  3   -3.5   -1.4    4.7   10.6   76.9    2.0    9.5    8.9    4.1    0.0  991.4                                      
10805 20140324  3   -1.2    0.6    4.4    8.5   86.3    2.0    7.6    2.7    5.9    6.8  994.4                                      
10805 20140323  3    0.5    2.9    6.3    9.1   80.6    2.0    6.4    0.5    7.0    1.4  990.0                                      
10805 20140322  3    4.5    6.2   10.1   12.6   82.7    3.0   12.2    0.0    7.6    4.9  989.2                                      
10805 20140321  3   10.2   11.2   15.8   21.2   53.5    4.0   13.8    5.3    4.3    2.8  994.5                                      
10805 20140320  3   -1.4    1.3   12.6   22.6   59.4    2.0    9.6   11.2    1.9    0.0 1000.4                                      
10805 20140319  3    0.9    3.3   11.4   16.5   63.3    2.0    9.7    4.9    5.8    0.0 1007.4                                      
10805 20140318  3   -1.1    1.4   10.6   20.3   71.4    2.0   12.3    6.3    4.8    0.0  999.5                                      
10805 20140317  3    0.6    3.7   11.6   20.4   66.0    2.0    5.9   11.0    0.6    0.0 1003.1                                      
10805 20140316  3    5.3    7.9   11.7   18.1   70.1    3.0    9.2    4.5    4.5    0.0 1004.7                                      
10805 20140315  3    0.3    2.0    7.9   12.4   79.0    2.0    8.1    0.0    6.2    0.2 1005.4                                      
10805 20140314  3   -2.6    0.8    8.9   18.5   72.5    1.0    4.4   10.3    0.0    0.0 1006.8                                      
10805 20140313  3   -2.9   -0.5    8.2   17.6   72.3    1.0    4.9   10.6    0.0    0.0 1009.1                                      
10805 20140312  3   -3.9   -0.7    7.9   17.2   67.4    2.0    6.3   10.5    0.1    0.0 1009.9                                      
10805 20140311  3   -3.0    0.1    7.5   17.0   67.2    2.0   10.1    9.2    4.0    0.0 1006.8                                      
10805 20140310  3   -3.2   -0.1    7.8   16.5   69.8    2.0    7.8   10.4    1.0    0.0 1004.4                                      
10805 20140309  3   -3.2    0.5    8.7   17.2   67.4    2.0    5.8   10.4    0.8    0.0 1009.7                                      
10805 20140308  3   -3.0   -1.8    8.2   16.6   72.5    2.0    8.2   10.1    0.5    0.0 1011.1                                      
10805 20140307  3   -3.3   -1.4    5.6   14.2   78.6    1.0    5.5    9.8    0.9    0.0 1007.7                                      
10805 20140306  3   -3.7   -1.9    4.9   13.1   81.4    2.0    8.1    9.7    0.7    0.0 1008.5                                      
10805 20140305  3   -2.2    0.8    6.1   12.1   78.8    2.0    6.5    7.6    3.0    0.0  999.6                                      
10805 20140304  3   -2.7   -0.7    4.8    9.2   83.3    1.0    4.7    0.6    6.5    0.0  985.1                                      
10805 20140303  3   -1.6    0.4    5.7   10.2   77.8    3.0   13.3    1.6    6.7    0.1  976.5                                      
10805 20140302  3    0.0    1.9    5.9   10.3   82.0    2.0    5.0    5.4    5.2    0.0  985.2                                      
10805 20140301  3   -0.1    1.9    5.8   10.3   81.4    2.0    8.2    2.2    7.1    2.2  984.0                                      
10805 20140228  3    1.9    4.5    7.5   12.9   76.0    3.0   15.3    5.1    6.8    0.0  986.4                                      
10805 20140227  3    3.5    4.7    7.2   11.0   79.6    3.0   14.0    6.7    6.3    1.6  999.0                                      
10805 20140226  3    5.2    5.4    7.4    9.3   89.6    2.0    6.3    0.0    7.8    7.3  998.5                                      
10805 20140225  3   -0.3    2.7    9.5   14.0   60.2    3.0   10.4    4.2    5.6    0.2  995.5                                      
10805 20140224  3   -3.8   -1.6    6.7   15.6   70.4    2.0    6.1    9.7    0.7    0.0  998.2                                      
10805 20140223  3    0.0    1.7    7.3   12.7   79.0    2.0    6.0    8.9    3.2    0.0 1003.2                                      
10805 20140222  3    1.9    3.4    6.3    9.5   79.1    3.0   12.5    1.8    6.8    1.5  999.0                                      
10805 20140221  3   -0.4    1.8    8.1   11.5   78.7    3.0   16.2    1.6    6.1    1.7  992.9                                      
10805 20140220  3    0.0    2.6    8.7   13.2   77.0    3.0    9.7    7.9    4.8    0.6  995.4                                      
10805 20140219  3    2.7    4.1    7.9   12.1   79.6    2.0    6.2    1.1    6.8    1.0  997.3                                      
10805 20140218  3   -2.4   -0.6    5.9   12.1   77.7    2.0    5.1    6.4    6.5    0.0  996.7                                      
10805 20140217  3   -0.6    0.8    6.3   13.0   74.3    2.0    5.8    8.9    2.8    0.0  997.3                                      
10805 20140216  3   -1.5    0.9    6.7    9.6   79.9    3.0   10.8    0.1    6.5    0.3  995.5                                      
10805 20140215  3    4.2    5.0    7.8   11.8   88.9    3.0   14.3    0.0    7.8   30.1  987.1                                      
10805 20140214  3    2.9    4.4    7.0    9.9   71.3    3.0    9.6    0.6    7.1    0.0  989.5                                      
10805 20140213  3    2.0    3.9    7.5   11.4   77.3    4.0   26.2    0.3    6.7    7.0  983.3                                      
10805 20140212  3    0.0    0.7    5.3    9.5   76.6    3.0    9.7    7.6    5.0    0.4  991.2                                      
10805 20140211  3   -1.4    0.5    5.4    9.4   79.7    3.0   10.2    3.0    6.5    0.0  988.3                                      
10805 20140210  3    0.1    1.0    4.0    6.7   80.4    2.0    7.4    0.0    7.3    3.5  977.4                                      
10805 20140209  3   -1.7    3.1    6.8    9.7   63.2    4.0   15.0    3.2    4.2    0.0  982.5                                      
10805 20140208  3    0.8    3.0    7.3   10.7   70.7    3.0   16.1    0.0    6.0    3.9  981.9                                      
10805 20140207  3   -0.1    1.0    7.8   10.8   75.2    3.0   16.4    0.2    5.8    0.8  984.4                                      
10805 20140206  3    1.3    4.1    8.4   13.0   63.9    3.0   11.6    6.7    5.3    0.0  988.3                                      
10805 20140205  3   -3.2   -1.9    3.1    7.5   89.3    2.0   10.2    0.0    5.3    0.4  984.7                                      
10805 20140204  3   -2.9   -0.9    3.9    9.0   87.9    2.0    6.4    0.8    5.2    0.1  992.0                                      
10805 20140203  3   -2.4   -1.9    1.4    6.5   97.3    2.0    5.0    1.3    6.8    0.0  992.9                                      
10805 20140202  3   -2.0   -0.8    4.5    8.8   93.6    1.0    4.5    1.6    7.0    0.3  995.8                                      
10805 20140201  3   -3.8   -2.7    3.5    8.9   86.7    2.0    9.5    0.1    6.1    6.6  987.1                                      
10805 20140131  3   -3.9   -2.5    1.8    7.1   86.2    1.0    3.9    7.8    2.6    0.0  990.5                                      
10805 20140130  3   -2.1   -1.2    0.9    3.6   89.8    2.0    8.0    2.3    7.5    0.0  986.9                                      
10805 20140129  3   -5.0   -3.4    0.6    4.1   85.5    2.0    6.5    4.5    4.4    0.0  981.2                                      
10805 20140128  3   -3.5   -1.2    4.2    8.6   67.4    2.0    7.9    8.1    2.3    0.0  981.8                                      
10805 20140127  3    2.6    3.8    5.4    7.2   77.5    3.0   11.0    2.3    7.0    0.1  981.8                                      
10805 20140126  3    0.8    3.1    5.4    7.6   71.4    3.0   13.3    1.8    6.4    2.8  991.7                                      
10805 20140125  3   -4.9   -4.1    1.0    4.4   86.1    2.0   11.3    3.5    5.1    0.3  999.5                                      
10805 20140124  3   -4.4   -2.9    2.7    5.1   87.4    2.0    9.5    0.1    5.6    0.0  997.6                                      
10805 20140123  3   -1.4    0.7    3.8    5.7   92.3    2.0   10.3    0.0    7.7    1.8  996.7                                      
10805 20140122  3    1.2    3.0    4.3    5.7   93.5    1.0    4.2    0.0    7.8    0.0  994.5                                      
10805 20140121  3    3.0    3.6    5.2    6.5   92.3    2.0    3.9    0.0    7.8    0.1  993.8                                      
10805 20140120  3    3.0    2.9    4.2    5.3   95.5    2.0    4.8    0.0    8.0    1.2  985.6                                      
10805 20140119  3    2.2    2.0    2.7    3.7   97.7    1.0    3.9    0.0    8.0    0.0  981.6                                      
10805 20140118  3   -2.9   -2.0    1.6    6.8   94.3    1.0    3.6    3.6    5.1    0.0  984.1                                      
10805 20140117  3   -1.3    1.6    6.1   10.6   83.1    2.0    7.8    3.3    4.3    0.0  986.2                                      
10805 20140116  3    2.2    3.4    6.5    8.9   87.1    2.0   12.6    0.0    7.8    6.9  986.9                                      
10805 20140115  3   -1.1    0.8    4.8    7.8   80.1    2.0    8.3    4.3    6.1    0.3  993.5                                      
10805 20140114  3    1.3    3.4    5.3    7.5   95.2    2.0    4.7    0.1    7.4    1.1  990.0                                      
10805 20140113  3   -1.0    0.8    4.1    6.8   96.3    2.0           0.4    6.3    5.6  997.1                                      
10805 20140112  3   -0.1    0.6    3.1    6.4   99.8    1.0    4.2    0.0    7.2    0.0 1004.5                                      
10805 20140111  3   -1.9   -0.1    4.4    8.5   96.1    2.0    6.3    0.0    6.7    2.9 1001.3                                      
10805 20140110  3   -0.7    2.1    6.6   11.3   84.2    2.0    8.0    4.2    4.4    0.0 1001.0                                      
10805 20140109  3    4.5    5.6   11.0   15.0   69.0    3.0   14.6    0.1    7.2    2.9  996.3                                      
10805 20140108  3    5.3    7.5   11.5   15.3   77.0    2.0    9.0    3.4    7.2    0.0 1002.3                                      
10805 20140107  3    8.0    9.1   12.3   15.4   63.8    3.0    8.9    1.6    6.1    0.1  998.8                                      
10805 20140106  3   -3.0   -1.4    6.1   12.1   80.7    2.0    9.4    2.4    5.7    0.0  994.8                                      
10805 20140105  3   -2.8   -0.4    5.6    9.5   85.9    2.0    8.4    4.0    4.9    0.0  992.0                                      
10805 20140104  3    0.9    3.2    6.7    9.3   95.8    2.0    6.3    0.0    7.0    9.3  988.2                                      
10805 20140103  3   -0.4    0.7    7.5   12.1   88.0    3.0   11.4    0.5    5.9    2.6  993.5                                      
10805 20140102  3    3.3    5.3    8.4   10.3   83.1    3.0   11.3    0.7    7.1    2.3  989.2                                      
10805 20140101  3   -0.6    0.6    7.0   11.6   80.2    2.0    7.9    5.3    7.0    1.2  994.1                                      
10805 20131231  3   -3.3   -1.5    2.3    7.3   84.8    1.0    5.5    6.3    6.3    0.5 1000.0                                      
10805 20131230  3   -3.7   -1.9    2.3    7.6   90.3    1.0    3.8    6.8    3.6    0.0 1007.9                                      
10805 20131229  3   -1.0    1.7    5.9    8.3   83.1    3.0   10.3    3.1    6.1    1.6 1001.5                                      
10805 20131228  3    1.8    3.5    6.9   11.4   85.3    3.0   13.1    0.0    7.4   23.0  987.1                                      
10805 20131227  3   -0.2    2.3    6.2   10.4   76.5    3.0    8.9    3.5    4.5    0.0  989.0                                      
10805 20131226  3    3.8    4.1    5.4    6.3   97.8    2.0    5.8    0.0    7.9    9.4  980.3                                      
10805 20131225  3    3.1    3.5    7.6   12.6   86.0    2.0   10.1    0.0    7.8   25.2  975.8                                      
10805 20131224  3    7.7    9.4   13.1   16.5   47.5    3.0   11.7    1.8    5.8    0.8  983.2                                      
10805 20131223  3    3.2    7.8   10.5   13.1   77.7    3.0    9.5    5.9    4.7    0.4  999.9                                      
10805 20131222  3    8.3   10.0   11.2   12.7   71.6    4.0   12.5    0.3    7.3    1.4 1004.3                                      
10805 20131221  3   -3.7   -1.7    3.0   10.3   94.7    2.0    8.4    2.4    5.9    0.0 1012.1                                      
10805 20131220  3   -3.1   -0.6    5.5    8.5   93.9    2.0    6.4    0.0    6.5    0.4 1007.3                                      
10805 20131219  3   -0.7    0.1    7.6   11.5   84.1    3.0   13.8    0.0    7.5    3.2  993.4                                      
10805 20131218  3   -2.2   -1.0    4.5    9.5   81.0    2.0    5.4    0.6    5.8    0.0 1003.4                                      
10805 20131217  3   -4.6   -2.6    2.0    9.9   84.2    2.0    5.5    7.0    2.0    0.0 1008.3                                      
10805 20131216  3   -5.4   -4.3    1.6    8.4   87.8    2.0    5.6    5.9    3.0    0.0 1011.1                                      
10805 20131215  3   -3.7   -2.2    2.1    6.2   92.0    2.0    5.5    1.4    4.5    0.0 1013.8                                      
10805 20131214  3   -2.3   -1.9    1.7    5.2   97.7    2.0    6.5    0.0    6.6    4.3 1012.1                                      
10805 20131213  3   -2.5   -3.0   -2.2   -1.3  100.0    1.0    3.9    0.0    8.0    0.0 1008.7                                      
10805 20131212  3   -2.0   -2.5   -1.1    0.5  100.0    2.0    4.2    0.0    8.0    0.1 1013.0                                      
10805 20131211  3   -4.8   -3.8   -1.2    0.4  100.0    1.0    3.6    0.0    4.8    0.0 1015.7                                      
10805 20131210  3   -4.3   -3.2    0.4    7.2   93.3    1.0    3.9    7.0    2.0    0.0 1015.9                                      
10805 20131209  3   -3.8   -2.0    2.2    8.9   86.1    2.0    5.5    7.0    3.8    0.0 1013.8                                      
10805 20131208  3   -1.2    1.2    4.3    6.8   79.3    2.0    5.9    0.0    6.7    0.0 1011.0                                      
10805 20131207  3   -2.6   -1.0    3.8    6.6   75.1    2.0    7.4    0.0    7.1    0.0 1010.7                                      
10805 20131206  3   -1.0    1.4    4.1    6.5   74.2    3.0   12.3    1.6    6.7    0.1 1006.7                                      
10805 20131205  3    1.4    1.7    5.0    7.8   82.2    3.0   15.0    0.9    7.4    3.3 1007.5                                      
10805 20131204  3   -4.8   -4.2   -0.8    2.2   99.3    1.0    5.0    0.0    7.0    0.0 1010.6                                      
10805 20131203  3   -5.3   -4.2   -0.8    2.2   98.1    1.0    3.2    1.8    5.0    0.0 1010.8                                      
10805 20131202  3   -3.7   -0.6    4.1    8.8   80.1    2.0   10.5    4.9    3.2    0.0 1010.5                                      
10805 20131201  3   -2.5   -1.1    1.9    7.1   92.1    2.0    7.9    2.4    6.1    0.0 1009.9                                      
10805 20131130  3   -3.3   -1.7    2.4    5.6   94.2    1.0    6.5    0.4    5.8    0.0 1002.6                                      
10805 20131129  3    0.4    0.6    2.7    4.7   84.9    3.0   11.3    0.0    7.7    3.0 1007.4                                      
10805 20131128  3   -5.5   -4.3   -0.8    0.8   92.9    1.0    2.8    0.0    7.7    0.0 1014.3                                      
10805 20131127  3   -8.0   -6.9   -4.1   -1.0   99.4    1.0    3.8    1.1    3.6    0.0 1014.6                                      
10805 20131126  3   -5.9   -4.8   -0.1    3.6   93.2    2.0    6.3    2.5    4.5    0.0 1014.1                                      
10805 20131125  3   -4.5   -2.9    1.0    4.3   81.7    2.0    7.5    7.6    4.1    0.6 1010.3                                      
10805 20131124  3   -0.2    1.5    5.7    6.8   86.8    3.0   14.5    0.0    7.6    0.4 1000.6                                      
10805 20131123  3    3.9    4.0    5.0    6.2   92.6    4.0   11.8    0.0    8.0    0.0  993.9                                      
10805 20131122  3    2.4    2.3    3.4    4.3   97.4    3.0   11.5    0.0    8.0    3.8  986.3                                      
10805 20131121  3    1.3    1.4    3.0    4.2   92.5    2.0    9.2    0.0    7.7    3.8  980.7                                      
10805 20131120  3    2.3    3.1    4.2    4.9   97.6    2.0   10.5    0.0    7.9    5.9  987.3                                      
10805 20131119  3    3.3    3.1    4.3    5.7   99.4    1.0    4.6    0.0    8.0   16.9  988.1                                      
10805 20131118  3   -1.2    0.1    3.6    9.3   93.3    1.0    3.9    7.4    4.1    0.0  993.8                                      
10805 20131117  3   -0.7    2.2    5.6    6.8   93.4    2.0    4.5    0.0    7.5    0.0 1003.4                                      
10805 20131116  3    4.3    4.4    5.5    7.4   88.2    2.0    5.0    0.0    7.6    0.0 1009.1                                      
10805 20131115  3    1.5    2.3    5.1    7.6   85.4    3.0   11.4    2.4    7.1    0.0 1004.6                                      
10805 20131114  3    2.8    4.1    5.7    8.1   89.3    2.0    6.8    0.9    7.0    0.1 1003.6                                      
10805 20131113  3    3.1    3.1    5.2    6.9   97.0    2.0    6.5    0.1    7.8    0.0 1010.7                                      
10805 20131112  3   -3.6   -2.9    0.3    3.2   99.7    1.0    4.9    0.0    5.5    0.6 1008.6                                      
10805 20131111  3   -2.4   -0.9    4.7    9.4   91.5    1.0    3.7    1.6    4.7    0.0 1010.5                                      
10805 20131110  3    4.6    5.0    6.9    9.4   88.7    3.0   13.1    0.0    7.7   15.8  992.2                                      
10805 20131109  3    5.1    7.4   10.1   13.2   74.3    3.0   15.2    3.5    5.5    3.1  995.3                                      
10805 20131108  3   11.0   11.1   14.3   15.4   85.1    3.0   10.1    0.0    7.5   19.0  992.0                                      
10805 20131107  3   13.7   14.3   15.7   17.9   75.7    4.0   12.6    2.6    7.1    0.0  994.8                                      
10805 20131106  3    7.9    8.9   12.0   15.2   87.0    3.0   13.1    0.0    7.9    1.3  989.7                                      
10805 20131105  3   -0.4    1.7    7.6   10.8   81.3    3.0   13.5    3.6    6.1    1.3  983.4                                      
10805 20131104  3    6.4    7.5   11.0   13.1   74.0    4.0   16.8    0.0    7.6    1.3  979.4                                      
10805 20131103  3    4.6    6.0   10.3   15.4   78.9    4.0   16.3    1.3    5.6    2.0  991.3                                      
10805 20131102  3    8.2    8.2   14.7   17.6   79.7    4.0   15.6    0.4    7.4    6.7  989.9                                      
10805 20131101  3    0.4    1.2    7.2   11.7   92.2    1.0    4.0    0.4    6.7    2.3 1000.3                                      
10805 20131031  3   -1.7   -0.7    4.6   12.6   93.5    1.0    4.1    4.9    2.1    0.0 1006.6                                      
10805 20131030  3   -0.1    1.9    8.4   14.3   82.0    1.0    4.9    8.9    1.8    0.0 1006.3                                      
10805 20131029  3    5.3    7.0   11.8   15.4   76.9    3.0   11.2    3.1    6.7    0.2  998.7                                      
10805 20131028  3   12.2   12.7   17.8   23.8   59.5    4.0   16.8    3.3    7.1    0.0  990.9                                      
10805 20131027  3   12.9   13.7   16.5   20.3   76.4    4.0   18.8    3.8    6.1    1.7  995.6                                      
10805 20131026  3   11.0   12.1   18.6   24.6   69.6    3.0   10.1    7.5    4.7    5.8  997.4                                      
10805 20131025  3    6.3    7.6   13.5   20.2   89.0    2.0    5.5    1.4    5.8    0.0  997.6                                      
10805 20131024  3    6.3    7.9   14.2   20.7   83.8    2.0    5.9    9.2    3.7    0.0  999.6                                      
10805 20131023  3   10.7   12.2   15.2   18.2   84.9    3.0   13.4    0.0    7.5    3.3  993.4                                      
10805 20131022  3   10.2   12.1   15.6   23.0   88.3    2.0    4.9    4.0    6.0    0.0  992.2                                      
10805 20131021  3    7.4    9.1   14.7   20.0   89.7    2.0    7.4    2.1    6.0    0.0  998.8                                      
10805 20131020  3    8.8   10.8   15.4   17.4   91.3    2.0    8.1    0.4    5.9   13.3  998.3                                      
10805 20131019  3    3.9    5.1   14.5   23.8   82.6    2.0    9.6    8.0    4.2    5.2  996.4                                      
10805 20131018  3    4.7    6.6   12.1   17.8   89.0    2.0    6.6    8.4    5.8    0.0  999.6                                      
10805 20131017  3    6.7    9.2   13.2   17.7   82.7    2.0    8.9    3.5    5.4    0.0 1000.4                                      
10805 20131016  3    5.5    7.3   11.5   15.5   86.7    2.0    8.5    3.1    7.1    0.9  996.6                                      
10805 20131015  3    6.7    8.2   11.9   14.4   94.9    2.0    9.4    0.0    7.6   26.6  993.5                                      
10805 20131014  3    8.9    9.3   12.9   16.6   89.5    2.0   10.8    1.0    7.5    4.6  998.3                                      
10805 20131013  3    4.8    5.9    9.0   14.4   84.0    2.0    8.2    6.8    6.0    6.0 1000.7                                      
10805 20131012  3    2.6    3.6    5.2    8.2   96.5    1.0    6.1    1.0    7.2    2.0  998.9                                      
10805 20131011  3    3.1    4.5    7.4   12.0   89.3    1.0    6.6    1.5    6.7    1.2  995.1                                      
10805 20131010  3    3.1    4.7    9.3   13.4   88.7    3.0   13.5    1.5    7.3   10.8  992.6                                      
10805 20131009  3   11.7   12.0   13.9   17.3   86.5    2.0    8.8    0.7    7.3    7.8 1001.8                                      
10805 20131008  3   11.1   11.1   12.7   14.1   94.9    1.0    3.5    0.0    7.8    0.0 1006.0                                      
10805 20131007  3    8.7   10.3   13.2   17.3   93.4    2.0    7.4    1.1    6.6    0.0 1006.3                                      
10805 20131006  3   12.2   12.2   13.4   14.8   97.8    2.0    9.2    0.0    8.0    1.0 1005.4                                      
10805 20131005  3   13.4   13.4   15.2   19.7   97.9    2.0    9.4    0.1    7.8   32.3  998.6                                      
10805 20131004  3   10.3   10.8   14.6   19.9   92.3    1.0    3.4    0.9    7.5   13.3  999.8                                      
10805 20131003  3    4.3    5.0   11.3   16.6   82.3    2.0    6.0    5.3    5.3    0.0  999.9                                      
10805 20131002  3    4.9    5.4   12.4   18.4   78.3    2.0    7.7    7.9    4.4    0.0  997.6                                      
10805 20131001  3    8.9   11.0   13.3   17.0   86.5    1.0    5.0    0.3    7.1    0.0  992.6                                      
10805 20130930  3    7.0    7.9   12.6   17.7   82.2    2.0    5.9    6.3    5.7    0.0  989.0                                      
10805 20130929  3   12.2   12.4   14.8   18.5   85.8    2.0    8.8    3.3    7.4    0.0  988.0                                      
10805 20130928  3    8.5   10.1   13.9   18.4   92.1    2.0    6.3    2.6    6.3    0.3  992.2                                      
10805 20130927  3    8.9   10.8   15.1   20.5   89.1    2.0    5.9    4.3    5.7    0.0  996.5                                      
10805 20130926  3   12.6   13.9   18.3   23.6   86.0    2.0    5.1    2.6    6.8    0.2  995.8                                      
10805 20130925  3    6.8    8.1   16.3   24.5   82.8    2.0    7.1   10.1    3.7    0.7  994.1                                      
10805 20130924  3    6.2    7.6   13.4   22.1   91.5    1.0    3.1    6.3    2.5    0.0  998.3                                      
10805 20130923  3    6.6    8.7   14.6   22.2   85.7    2.0    6.7   11.1    2.1    0.0 1005.6                                      
10805 20130922  3    5.6    6.8   13.2   20.9   85.8    1.0    4.6   10.9    2.6    0.0 1009.3                                      
10805 20130921  3    5.6    7.8   13.5   19.6   84.3    1.0    5.7    9.0    4.3    0.0 1007.6                                      
10805 20130920  3   10.3   11.7   14.8   19.6   77.0    3.0    8.5    3.0    6.9    0.0 1000.4                                      
10805 20130919  3    4.6    6.1   12.5   17.0   80.8    2.0    8.2    2.9    5.7    0.0  996.3                                      
10805 20130918  3   11.5   12.2   15.1   20.0   88.8    3.0   12.6    2.7    7.2    6.4  985.1                                      
10805 20130917  3    7.3    8.3   11.3   14.4   81.1    3.0   15.1    1.9    6.6    6.3  989.5                                      
10805 20130916  3    8.1    9.4   13.2   16.9   84.3    3.0   14.5    0.9    7.4    6.9  988.4                                      
10805 20130915  3   12.0   13.7   15.7   20.7   94.8    2.0    7.0    1.3    7.5   13.8  993.0                                      
10805 20130914  3   13.5   14.3   16.7   19.9   88.9    2.0    8.1    0.1    7.6    5.8  997.8                                      
10805 20130913  3    9.4   10.0   15.0   20.0   80.1    2.0    6.6    6.7    5.5    0.5 1003.2                                      
10805 20130912  3   11.1   11.9   13.1   15.9   92.9    2.0    7.7    0.0    7.7    5.3 1000.0                                      
10805 20130911  3    9.9   10.6   12.0   13.9   90.1    3.0   11.2    0.0    7.8   11.3  998.5                                      
10805 20130910  3    8.1   10.3   14.0   17.7   80.9    2.0   10.5    3.8    5.8    0.8  998.5                                      
10805 20130909  3   11.9   12.9   16.3   20.8   74.7    2.0    9.8    7.5    5.0    5.3 1001.2                                      
10805 20130908  3   13.9   14.4   17.2   21.4   88.3    2.0    8.3    1.5    7.5    7.0 1000.3                                      
10805 20130907  3   16.0   16.1   20.0   24.5   86.4    2.0   16.5    3.2    6.8   14.1  998.0                                      
10805 20130906  3   12.6   14.7   22.4   30.5   71.0    2.0    6.3    9.0    3.8    2.0  993.0                                      
10805 20130905  3   11.3   13.5   21.9   31.9   73.3    1.0    5.0   12.2    0.6    0.0  996.6                                      
10805 20130904  3    9.8   11.4   19.9   27.7   79.5    2.0    5.8   12.0    0.0    0.0 1003.3                                      
10805 20130903  3    7.6    9.4   17.5   25.7   77.0    2.0    8.4   12.3    0.5    0.0 1007.9                                      
10805 20130902  3    8.2    9.8   16.2   24.4   67.0    2.0    6.0    9.7    2.9    0.0 1008.5                                      
10805 20130901  3   10.1   11.6   16.3   20.1   76.0    2.0    9.4    4.5    6.6    0.0 1007.5                                      
10805 20130831  3   10.4   11.8   18.1   23.7   78.9    2.0    6.8    6.2    5.6    0.3 1003.8                                      
10805 20130830  3    8.8   10.7   18.2   25.8   75.3    1.0    5.0   11.8    3.5    0.0 1002.1                                      
10805 20130829  3    8.2    9.3   16.5   24.0   82.8    2.0    7.3    9.5    3.9    0.0 1002.7                                      
10805 20130828  3    9.3   11.5   16.9   22.7   86.8    2.0    6.8    2.4    5.3    0.0  999.7                                      
10805 20130827  3   14.0   14.4   16.8   21.9   90.1    2.0    6.9    1.1    7.5    0.0  995.3                                      
10805 20130826  3   11.6   13.3   16.6   21.8   82.8    2.0    6.3    2.3    6.7    0.0  994.0                                      
10805 20130825  3   13.6   14.2   15.8   18.3   90.7    2.0    7.2    0.0    7.3    1.1  994.1                                      
10805 20130824  3   11.1   13.1   17.5   22.3   89.4    2.0    8.9    2.6    5.4   40.3  994.3                                      
10805 20130823  3   11.4   13.1   19.6   27.0   72.6    2.0    8.4    8.5    3.5    0.0  996.9                                      
10805 20130822  3    7.7   10.0   18.0   25.4   73.1    2.0    8.8   11.5    4.4    0.0 1000.0                                      
10805 20130821  3    6.5    9.0   17.3   26.1   71.9    2.0    8.4   13.0    1.1    0.0 1004.8                                      
10805 20130820  3    8.3    9.9   16.6   22.4   74.4    2.0    7.6   12.6    1.5    0.0 1008.4                                      
10805 20130819  3   10.5   13.2   17.9   22.9   85.5    2.0   14.9    4.2    5.6   11.6 1000.0                                      
10805 20130818  3   12.7   14.8   21.0   28.7   69.2    2.0   10.2    5.9    5.7    0.9  997.7                                      
10805 20130817  3   11.6   13.5   21.8   30.6   65.1    2.0    6.3   11.2    2.4    0.0  997.9                                      
10805 20130816  3    8.3   10.1   20.0   29.1   65.5    1.0    5.4   13.2    1.0    0.0  999.7                                      
10805 20130815  3    6.6    8.7   17.2   24.7   71.7    2.0    7.2   13.3    2.5    0.0 1003.7                                      
10805 20130814  3    7.2    9.3   15.4   21.4   76.2    2.0    8.8   10.6    2.3    0.0 1004.7                                      
10805 20130813  3    8.9   10.6   17.1   21.5   75.7    2.0    7.3    7.5    4.5    0.0 1001.8                                      
10805 20130812  3   11.9   13.8   20.0   26.6   69.3    2.0   14.0   10.2    5.0    6.6  998.5                                      
10805 20130811  3    9.9   11.9   18.6   24.7   70.9    1.0    5.3    9.0    4.6    0.0 1001.4                                      
10805 20130810  3   11.5   13.5   19.3   25.4   72.0    2.0    7.3    9.6    3.0    0.0 1002.4                                      
10805 20130809  3   14.5   15.6   19.2   24.4   75.8    2.0    6.7    5.1    6.4    0.0 1002.9                                      
10805 20130808  3   15.3   16.3   18.8   21.2   88.2    2.0    6.6    0.0    7.3    0.0  998.5                                      
10805 20130807  3   16.7   17.4   20.2   27.0   86.9    2.0   10.2    2.5    7.1    5.3  993.8                                      
10805 20130806  3   16.2   17.5   22.2   28.7   78.9    2.0   14.6    9.1    3.6   11.6  996.8                                      
10805 20130805  3   13.7   15.6   24.8   33.2   67.8    2.0    4.7   13.1    1.2    0.0  997.6                                      
10805 20130804  3   15.7   17.9   22.3   29.3   71.7    1.0    7.5    9.3    3.5    0.4 1002.4                                      
10805 20130803  3   17.1   19.5   24.1   29.0   64.0    2.0    8.4    8.9    3.5    0.0 1000.3                                      
10805 20130802  3   14.9   16.6   26.1   35.6   60.8    2.0    8.5   11.2    1.0    0.1  995.8                                      
10805 20130801  3   12.4   14.9   23.9   33.5   66.0    1.0    4.8   14.0    0.3    0.0  997.8                                      
10805 20130731  3   14.8   16.8   22.8   29.3   67.0    2.0    7.2   10.9    3.0    0.0 1001.8                                      
10805 20130730  3   15.7   16.7   21.4   26.3   66.8    3.0   11.6    6.4    6.0    0.0 1002.8                                      
10805 20130729  3   16.3   16.3   19.0   20.9   90.7    2.0    9.5    1.0    7.0   45.7  999.2                                      
10805 20130728  3   17.9   18.6   22.4   27.9   82.6    2.0   10.0    2.4    7.0    6.8  994.5                                      
10805 20130727  3   16.0   18.7   28.1   37.6   57.0    2.0   11.0   13.6    2.5    2.7  990.9                                      
10805 20130726  3   16.2   18.1   26.2   33.4   66.1    2.0    6.9    9.2    3.6    0.0  995.3                                      
10805 20130725  3   15.2   17.5   24.3   31.3   71.4    2.0    8.2   10.6    2.2    0.5  997.7                                      
10805 20130724  3   16.1   18.0   22.6   28.0   74.3    2.0    8.3    4.4    4.7    0.0  997.2                                      
10805 20130723  3   14.7   16.8   23.6   32.2   68.0    2.0   12.8    8.7    3.3    1.0  995.4                                      
10805 20130722  3   14.8   16.7   25.1   33.8   60.4    2.0    6.2   14.2    1.3    0.0  997.6                                      
10805 20130721  3   13.0   15.2   24.0   32.0   62.8    2.0    8.0   14.3    1.0    0.0  999.3                                      
10805 20130720  3   12.0   14.5   23.1   30.7   64.2    3.0   10.5   14.4    0.8    0.0  999.2                                      
