10729 20140719  1   14.2   15.9   26.3   34.0   50.6    2.0   10.2   12.6    3.7    0.0 1000.7                                      
10729 20140718  1   13.4   15.2   25.2   33.3   53.3    2.0    8.1   14.6    3.2    0.0 1005.5                                      
10729 20140717  1   12.4   13.7   23.3   30.6   59.2    1.0    6.5   14.7    2.4    0.0 1008.9                                      
10729 20140716  1   13.4   15.2   21.3   28.8   65.5    1.0    5.6    6.9    3.3    0.0 1009.6                                      
10729 20140715  1   12.0   13.6   20.9   27.2   65.8    2.0    6.4    9.1    3.2    0.0 1008.5                                      
10729 20140714  1   13.0   15.0   20.8   26.7   71.6    2.0    8.5    7.0    5.4    0.0 1002.1                                      
10729 20140713  1   16.1   16.4   18.6   21.7   85.5    2.0    9.6    0.7    7.5    6.9  998.9                                      
10729 20140712  1   15.1   16.8   20.2   24.6   78.5    2.0    8.2    1.9    6.5    4.6 1000.6                                      
10729 20140711  1   11.5   12.9   19.8   27.2   76.8    2.0   11.0    8.1    5.2    0.0 1000.8                                      
10729 20140710  1   12.5   12.5   15.7   20.4   86.4    2.0    6.0    1.9    7.7    5.6  998.0                                      
10729 20140709  1   11.7   12.4   13.2   14.3   93.1    3.0    9.2    0.0    7.9   13.2  996.9                                      
10729 20140708  1   12.8   13.6   16.2   19.4   92.5    3.0    9.6    0.3    7.8   15.0  997.4                                      
10729 20140707  1   16.9   17.0   20.1   24.3   76.5    2.0    7.0    1.8    7.1   12.0 1003.2                                      
10729 20140706  1   14.8   16.5   24.0   31.6   61.7    3.0   17.2   10.0    5.9    7.2  998.8                                      
10729 20140705  1   16.9   18.1   20.5   24.1   75.6    3.0   12.8    0.5    7.7    0.3  999.2                                      
10729 20140704  1   10.8   12.5   23.2   31.4   50.9    2.0   10.1    9.6    4.1    0.1 1000.5                                      
10729 20140703  1    9.2   10.7   21.0   29.7   56.8    2.0   11.4   13.7    2.5    0.0 1010.2                                      
10729 20140702  1    8.8   10.5   18.8   26.3   51.3    2.0    8.3   14.6    0.7    0.0 1008.4                                      
10729 20140701  1    7.2    8.6   17.8   24.1   55.5    2.0    6.2   10.8    3.9    0.0 1006.2                                      
10729 20140630  1   11.5   13.0   16.9   22.1   64.5    2.0   11.3    3.1    7.1    3.3 1003.9                                      
10729 20140629  1   14.4   15.1   17.0   19.8   82.1    2.0    9.3    2.2    7.2    2.5  997.4                                      
10729 20140628  1   12.5   13.4   18.5   21.8   82.0    2.0   11.4    0.9    7.1   11.4  999.8                                      
10729 20140627  1    7.1    8.5   19.3   27.6   54.2    2.0   10.7    7.1    5.0    2.9 1003.1                                      
10729 20140626  1    6.0    8.0   16.8   23.9   52.6    2.0    7.5   12.1    2.6    0.0 1003.1                                      
10729 20140625  1    8.5   11.2   16.9   22.5   55.5    3.0   11.4    9.2    4.2    0.0 1001.6                                      
10729 20140624  1    8.8   11.3   19.9   26.5   48.3    2.0    9.7   13.0    3.7    0.0 1004.4                                      
10729 20140623  1    8.6   11.0   18.9   25.4   50.8    2.0    9.2   11.5    3.2    0.0 1008.0                                      
10729 20140622  1    5.4    7.0   17.9   25.3   54.3    2.0    9.8   13.3    1.3    0.0 1007.5                                      
10729 20140621  1    7.0    9.5   16.3   23.0   59.1    2.0    8.8    9.7    3.3    0.0 1006.6                                      
10729 20140620  1    7.7   10.2   16.6   21.3   62.8    2.0   10.5    3.4    7.5    0.0 1006.4                                      
10729 20140619  3   11.6   12.8   18.4   23.6   59.8    3.0   11.3   12.4    2.8    0.2 1006.5                                      
10729 20140618  3    9.8   11.7   20.0   26.5   50.7    2.0    9.0   14.3    1.0    0.0 1007.1                                      
10729 20140617  3    9.9   11.8   17.5   22.9   60.7    2.0    9.0    6.3    5.0    0.0 1007.4                                      
10729 20140616  3    8.0   10.8   17.5   23.8   57.7    3.0    9.6    6.2    4.5    0.0 1007.6                                      
10729 20140615  3    8.7   10.4   17.7   24.3   54.0    3.0   11.3   13.1    1.5    0.0 1008.3                                      
10729 20140614  3    9.4   11.2   16.7   21.3   59.5    3.0   11.1    5.4    4.7    0.0 1007.0                                      
10729 20140613  3   11.7   13.9   20.5   26.4   52.3    3.0   10.6   14.1    1.2    0.0 1008.4                                      
10729 20140612  3   13.8   16.7   22.3   27.8   62.0    2.0    9.2   11.3    1.5    0.0 1012.0                                      
10729 20140611  3   16.8   18.7   24.0   28.8   63.2    3.0    9.7   11.1    3.8    0.0 1010.8                                      
10729 20140610  3   15.8   17.3   25.6   32.9   60.4    2.0   11.0    5.5    6.1    0.0 1005.3                                      
10729 20140609  3   13.8   15.7   26.4   35.9   57.3    2.0    6.2   14.3    2.9    0.0 1004.0                                      
10729 20140608  3   12.0   13.9   24.6   33.5   60.4    2.0    9.8   14.5    3.0    0.0 1005.1                                      
10729 20140607  3    9.1   10.6   21.7   30.9   65.1    2.0    6.9   11.2    2.4    0.0 1003.9                                      
10729 20140606  3    4.3    6.2   18.0   28.0   61.2    2.0    5.7   14.1    1.5    0.0 1004.4                                      
10729 20140605  3    5.6    7.9   15.2   21.1   61.5    2.0   11.9    9.8    4.2    0.0 1003.3                                      
10729 20140604  3    7.1    8.9   15.5   23.0   83.6    2.0   11.7    5.8    5.5    3.7  997.3                                      
10729 20140603  3    8.6   10.5   16.7   23.0   71.9    2.0   10.3    7.0    4.8    6.8 1002.8                                      
10729 20140602  3    9.1   11.3   16.8   23.7   65.4    2.0    8.0    7.8    5.4    3.8 1006.0                                      
10729 20140601  3    6.0    8.3   15.3   22.4   65.9    2.0    7.3    3.3    7.3    0.1 1007.5                                      
10729 20140531  3    2.5    5.1   14.5   22.1   61.5    2.0    7.2   11.1    2.0    0.0 1009.3                                      
10729 20140530  3    3.6    5.9   11.8   15.0   69.1    2.0    7.6    1.8    5.9    0.0 1009.3                                      
10729 20140529  3    9.5   10.7   14.9   19.5   77.8    2.0    8.1    1.6    7.8    0.0 1003.4                                      
10729 20140528  3    8.4   10.4   15.9   20.3   69.5    2.0    7.7    0.7    7.4    0.0 1000.6                                      
10729 20140527  3   13.3   14.0   16.7   20.7   76.7    2.0   10.4    1.3    7.7    0.0  999.4                                      
10729 20140526  3   12.5   13.5   16.8   21.1   79.3    2.0    9.0    1.0    7.4    1.1 1002.3                                      
10729 20140525  3    4.1    6.3   16.8   24.1   61.4    2.0    7.5    9.9    3.6    2.5 1007.1                                      
10729 20140524  3    4.9    7.3   14.5   19.9   74.9    2.0   10.5    4.2    4.7    0.4 1004.6                                      
10729 20140523  3    9.0   11.8   16.2   21.3   77.8    2.0    8.5    7.1    4.5    5.5  999.5                                      
10729 20140522  3   12.7   14.6   21.0   28.6   55.8    2.0   15.6    9.8    3.2    3.6  997.7                                      
10729 20140521  3    8.7   10.8   21.2   28.8   55.5    2.0    9.8   10.1    1.8    0.0  999.2                                      
10729 20140520  3    5.8    8.0   19.0   27.7   62.9    2.0    7.6   12.1    3.5    0.0 1000.0                                      
10729 20140519  3    5.0    7.3   16.5   25.8   69.3    2.0   11.3   11.1    1.6    0.0  997.3                                      
10729 20140518  3    5.3    7.9   14.8   21.3   69.3    2.0    6.9    9.0    2.0    0.0 1002.0                                      
10729 20140517  3    4.3    8.1   14.6   20.8   60.1    2.0   10.6   13.4    2.4    0.0 1009.0                                      
10729 20140516  3    5.0    7.7   14.0   19.7   59.9    3.0   10.2   11.8    2.0    0.0 1016.0                                      
10729 20140515  3    3.9    6.0   10.9   15.3   68.0    3.0    9.7    4.5    6.2    0.0 1020.1                                      
10729 20140514  3    3.7    6.8   12.4   17.6   62.1    2.0    9.9   10.4    4.7    0.1 1015.0                                      
10729 20140513  3    7.5    8.2   11.8   16.8   72.1    2.0    9.8    4.6    6.5    0.3 1004.9                                      
10729 20140512  3    3.4    5.8   11.3   16.6   70.6    3.0   13.6    5.5    5.6    0.7 1001.0                                      
10729 20140511  3    5.6    7.6   11.8   15.5   72.6    3.0   16.8    3.7    6.5    3.7  997.3                                      
10729 20140510  3    6.7    9.9   13.6   18.3   78.7    2.0   11.2    0.3    7.4    6.1 1001.4                                      
10729 20140509  3    8.1   11.9   16.0   20.3   71.5    3.0   14.6    2.1    6.9    0.1 1002.8                                      
10729 20140508  3    5.9    8.5   14.0   19.1   79.6    3.0   11.7    1.8    6.8    9.4 1003.2                                      
10729 20140507  3   10.3   11.6   14.9   19.1   71.5    3.0   13.7    5.0    6.7    2.5 1001.5                                      
10729 20140506  3    2.7    4.9   14.5   21.4   67.8    3.0   11.6    3.8    4.8    3.4 1000.4                                      
10729 20140505  3    2.1    4.7   11.9   19.7   66.5    2.0    7.2   13.5    2.0    0.0 1005.1                                      
10729 20140504  3   -0.9    1.9    9.6   17.2   66.4    2.0    8.0   13.4    0.3    0.0 1010.2                                      
10729 20140503  3    0.9    4.0    8.8   12.5   70.6    3.0    9.1    0.6    6.9    0.0 1010.1                                      
10729 20140502  3    8.6    8.9   13.5   18.7   84.3    2.0   12.0    2.1    7.4    0.1 1001.6                                      
10729 20140501  3   10.2   11.5   13.2   17.8   92.6    2.0    6.1    0.9    7.4    6.6  999.6                                      
10729 20140430  3    7.8    9.6   14.4   20.7   84.9    2.0    7.8    1.2    7.5   21.0  998.6                                      
10729 20140429  3    8.0   10.0   14.0   18.0   83.3    2.0    5.9    2.1    7.3    0.3 1000.0                                      
10729 20140428  3    8.9    9.6   13.1   16.0   79.9    1.0    4.2    0.0    7.8    0.2  998.4                                      
10729 20140427  3    7.4    9.3   12.6   16.0   81.5    2.0    7.0    0.9    7.3    1.7  996.6                                      
10729 20140426  3   11.2   12.2   15.9   21.2   74.9    2.0    8.2    3.8    6.5   19.9  998.7                                      
10729 20140425  3    6.4   11.0   18.8   26.2   56.8    2.0   11.2    9.8    3.5    4.5  998.9                                      
10729 20140424  3    4.6    7.3   17.0   25.0   60.1    2.0    9.0   11.0    1.8    0.0 1004.6                                      
10729 20140423  3    3.4    5.6   15.5   23.4   63.8    2.0    7.6   12.4    2.3    0.0 1006.6                                      
10729 20140422  3    5.2    7.5   12.9   19.0   79.2    2.0    5.5    3.4    5.5    0.0 1000.4                                      
10729 20140421  3    4.4    8.6   13.8   20.4   66.5    2.0   10.9    8.0    4.2    0.1  992.6                                      
10729 20140420  3    4.8    8.6   15.4   21.1   60.4    3.0   10.2    5.7    5.4    0.2  994.1                                      
10729 20140419  3   -0.7    2.2   11.0   18.9   68.3    3.0   11.6    7.2    4.3    0.0 1000.2                                      
10729 20140418  3    0.3    2.7    9.0   14.2   66.9    2.0   14.2    3.4    6.6    0.9 1000.7                                      
10729 20140417  3   -2.9    0.3    9.7   17.1   51.5    2.0    7.7   12.8    1.2    0.1 1009.4                                      
10729 20140416  3   -2.2    0.5    7.4   15.0   62.6    2.0   10.0   10.6    1.3    0.0 1016.7                                      
10729 20140415  3   -0.4    3.7    7.3   11.2   59.2    2.0   11.0    0.3    6.4    0.0 1013.3                                      
10729 20140414  3    3.4    5.6   10.9   16.6   59.0    3.0   16.5    3.9    5.5    0.0 1006.3                                      
10729 20140413  3    2.8    5.9   13.2   19.1   55.6    2.0   10.8   11.1    1.9    0.0 1006.9                                      
10729 20140412  3    4.5    7.8   14.5   20.9   63.5    2.0    7.1    8.9    3.6    0.0 1004.2                                      
10729 20140411  3    2.1    5.4   13.8   20.9   62.6    2.0    6.0   10.1    2.4    0.0 1005.3                                      
10729 20140410  3    3.9    7.2   12.6   18.0   62.4    2.0    5.8    7.5    4.9    0.0 1009.9                                      
10729 20140409  3    0.4    3.7   10.7   16.3   58.9    2.0    9.5    7.9    5.2    0.0 1013.2                                      
10729 20140408  3    6.0    8.3   13.7   18.1   54.9    4.0   16.6    4.2    6.4    0.1 1006.0                                      
10729 20140407  3    3.8    6.5   14.9   22.6   71.6    2.0    6.4    8.4    3.5    0.2 1004.5                                      
10729 20140406  3    5.1    8.5   14.8   21.1   72.1    2.0    7.1    9.4    4.2    0.0 1007.2                                      
10729 20140405  3    5.4    8.0   12.7   15.8   87.5    1.0    6.0    0.0    5.9    0.0 1002.5                                      
10729 20140404  3    6.7   10.7   16.6   23.9   62.5    2.0   13.6    1.3    5.5    0.2  994.3                                      
10729 20140403  3    4.2    6.7   15.8   23.4   62.4    2.0    6.4    3.0    6.3    0.4  992.9                                      
10729 20140402  3    2.3    5.6   13.9   23.7   67.2    1.0    5.8   10.3    1.9    0.0  995.8                                      
10729 20140401  3    2.1    4.7   12.6   22.3   66.3    1.0    3.7    8.4    3.4    0.0  999.9                                      
10729 20140331  3    1.5    4.3   12.0   21.5   65.2    1.0    4.6    4.7    0.8    0.0 1002.5                                      
10729 20140330  3   -1.0    2.6   11.9   22.0   63.2    2.0    5.0   10.2    1.0    0.0 1004.2                                      
10729 20140329  3   -0.8    3.1   12.6   20.5   56.2    2.0    5.8   10.9    1.3    0.0 1006.9                                      
10729 20140328  3   -0.8    2.6   12.1   18.4   53.4    2.0   10.4    8.5    2.5    0.0 1003.8                                      
10729 20140327  3   -2.1    1.8    9.8   16.5   53.0    2.0    7.5   11.0    1.3    0.0  999.3                                      
10729 20140326  3   -3.8   -1.0    6.2   12.3   62.6    2.0    9.1    6.4    3.6    0.0 1000.2                                      
10729 20140325  3   -3.1   -0.4    4.8   10.2   76.8    2.0    8.3    6.1    4.4    0.0  998.9                                      
10729 20140324  3   -2.6    0.4    4.5   10.3   81.8    2.0    8.4    3.0    5.6    0.3 1000.6                                      
10729 20140323  3   -1.7    1.4    6.7   12.0   75.3    2.0    8.8    1.0    6.3    0.0  995.8                                      
10729 20140322  3    3.5    5.5    9.5   11.2   88.3    2.0   13.1    0.0    7.3    5.5  994.9                                      
10729 20140321  3    6.0    9.4   14.3   21.0   58.0    3.0   15.2    4.0    4.3    3.8  999.9                                      
10729 20140320  3   -2.5    1.1   12.0   22.3   61.4    3.0    9.7   11.3    0.1    0.0 1006.7                                      
10729 20140319  3    1.2    5.3   11.7   16.7   63.0    3.0   11.2    4.1    5.0    0.0 1012.2                                      
10729 20140318  3   -0.7    2.5    9.2   14.9   78.7    2.0   10.8    2.2    4.9    0.2 1005.4                                      
10729 20140317  3   -1.0    2.9   10.2   18.5   77.5    2.0    6.6    4.8    3.8    0.0 1009.0                                      
10729 20140316  3    1.6    5.6   10.9   16.2   71.8    3.0   10.0    3.1    5.2    0.0 1009.0                                      
10729 20140315  3   -0.6    3.0    8.3   11.1   74.2    3.0   11.9    0.3    5.8    0.4 1009.6                                      
10729 20140314  3   -3.8   -0.5    8.2   19.0   67.5    1.0    3.9   10.4    0.0    0.0 1013.2                                      
10729 20140313  3   -3.2    0.2    9.0   19.7   63.3    1.0    5.4   10.7    0.0    0.0 1016.0                                      
10729 20140312  3   -1.5    3.1   11.6   20.0   50.0    2.0    7.2   10.6    0.0    0.0 1018.1                                      
10729 20140311  3   -2.3    1.3   10.9   18.8   51.0    2.0    9.9   10.7    0.0    0.0 1015.3                                      
10729 20140310  3   -3.0    0.7    9.9   18.3   58.1    2.0    8.3   10.5    0.1    0.0 1012.5                                      
10729 20140309  3   -3.6   -0.5    9.8   20.3   58.7    1.0    5.4   10.5    0.0    0.0 1017.7                                      
10729 20140308  3   -4.0   -0.9    7.5   16.8   70.5    2.0    5.6    9.9    0.0    0.0 1019.3                                      
10729 20140307  3   -4.7   -1.4    6.3   14.4   74.4    1.0    4.0    9.0    1.4    0.0 1014.9                                      
10729 20140306  3   -3.9   -0.9    5.5   13.2   78.2    2.0    4.3    7.9    0.4    0.0 1016.5                                      
10729 20140305  3   -2.7    1.2    6.1   12.8   74.4    2.0    8.8    6.3    3.4    0.0 1006.5                                      
10729 20140304  3   -2.8    0.0    5.3   12.9   78.8    2.0    5.7    3.9    6.4    0.0  991.5                                      
10729 20140303  3   -2.8    0.2    4.9   11.0   83.0    2.0    9.8    1.6    6.3    0.0  983.0                                      
10729 20140302  3   -2.4    1.2    5.0    9.0   80.0    2.0    5.4    3.7    4.8    0.0  992.0                                      
10729 20140301  3   -1.0    1.9    5.9    9.5   83.4    2.0    4.6    0.4    7.2    0.2  990.7                                      
10729 20140228  3    0.5    3.0    6.8   11.0   83.7    3.0   10.8    3.1    6.7    0.4  992.9                                      
10729 20140227  3    2.7    4.5    7.0   10.8   85.3    3.0    8.9    3.6    7.1    3.7 1005.0                                      
10729 20140226  3    2.2    4.5    8.1   11.7   84.5    2.0    5.7    0.9    7.5    7.2 1004.7                                      
10729 20140225  3   -3.1    0.3    7.5   14.0   70.0    3.0   11.0    5.4    4.8    0.1 1002.0                                      
10729 20140224  3   -5.0   -1.9    5.0   13.9   75.1    2.0    6.6    9.8    0.0    0.0 1005.1                                      
10729 20140223  3   -3.2    0.2    6.1   11.3   82.4    2.0    7.4    4.6    5.0    0.0 1010.4                                      
10729 20140222  3   -3.2    0.3    5.1   10.3   84.1    3.0   12.6    2.6    5.8    2.1 1005.1                                      
10729 20140221  3   -3.0    1.0    7.7   12.1   78.3    3.0   20.1    2.3    5.7    0.1  998.2                                      
10729 20140220  3    0.8    3.6    8.3   12.9   79.3    3.0   10.4    5.2    6.3    0.0 1001.3                                      
10729 20140219  3    0.3    3.7    8.2   13.0   80.4    2.0    7.9    3.3    6.8    1.0 1003.0                                      
10729 20140218  3   -3.7   -1.3    4.2   11.0   84.3    2.0    5.1    4.4    6.2    0.7 1003.5                                      
10729 20140217  3   -3.0   -0.1    5.1   12.0   81.2    2.0    6.3    8.3    1.8    0.0 1004.0                                      
10729 20140216  3   -1.6    1.9    6.6   10.2   80.4    3.0   11.9    1.5    5.9    0.3 1000.6                                      
10729 20140215  3    4.3    6.0    8.3   10.1   81.7    4.0   14.4    0.0    7.3    3.3  992.0                                      
10729 20140214  3    0.1    2.9    6.5    9.4   73.4    3.0   10.6    3.0    6.4    0.3  995.9                                      
10729 20140213  3    1.7    4.2    6.3    8.0   84.0    3.0   14.0    0.6    7.1    9.4  988.0                                      
10729 20140212  3   -1.3    1.4    5.0    9.2   74.6    3.0    9.4    4.1    5.5    0.6  997.0                                      
10729 20140211  3   -2.1    1.4    4.9    8.6   80.5    3.0   10.2    1.1    7.2    0.1  993.8                                      
10729 20140210  3   -4.1   -1.8    3.4    7.3   81.6    2.0   14.1    0.0    6.6    1.5  984.8                                      
10729 20140209  3   -2.7   -0.7    5.5   10.1   74.1    3.0   18.4    3.4    5.7    0.7  987.9                                      
10729 20140208  3   -2.5    0.2    5.9    9.7   77.4    3.0   12.7    0.0    5.3    1.2  987.6                                      
10729 20140207  3   -2.0    0.9    8.5   11.4   63.2    4.0   16.9    0.4    5.5    0.1  989.0                                      
10729 20140206  3    2.8    4.8    7.9   10.9   70.0    3.0   11.4    4.7    6.5    0.0  994.2                                      
10729 20140205  3   -5.4   -2.4    1.4    5.1   93.5    2.0    8.6    0.0    5.0    2.6  991.3                                      
10729 20140204  3   -4.1   -1.1    2.8    7.6   86.4    2.0    6.3    1.3    5.1    0.0  998.8                                      
10729 20140203  3   -3.5   -1.1    2.9    6.5   86.4    2.0    7.9    0.6    6.9    0.0 1000.7                                      
10729 20140202  3   -2.9   -0.5    4.2    8.2   92.6    2.0    5.4    0.8    6.7    0.0 1002.5                                      
10729 20140201  3   -4.9   -2.8    3.5    7.9   83.1    3.0    8.5    0.0    6.6    3.5  993.4                                      
10729 20140131  3   -5.9   -3.0    0.4    5.1   83.5    2.0    5.9    7.5    1.5    0.0  997.3                                      
10729 20140130  3   -6.3   -2.8    1.2    5.2   74.3    2.0    4.8    6.0    5.3    0.0  995.0                                      
10729 20140129  3   -5.1   -1.5    1.3    4.4   76.7    2.0    9.0    3.9    5.8    0.0  989.9                                      
10729 20140128  3   -4.3   -0.7    3.6    7.9   78.7    3.0    8.3    7.3    2.2    0.0  989.1                                      
10729 20140127  3   -1.3    2.0    4.3    6.5   81.1    3.0   10.1    2.4    5.8    0.2  986.8                                      
10729 20140126  3    1.4    1.9    5.1    7.2   71.8    3.0   11.7    1.5    7.3    2.5  996.0                                      
10729 20140125  3   -2.5   -0.6    2.2    4.0   89.5    2.0    8.0    0.1    6.5    1.5 1005.8                                      
10729 20140124  3    2.6    3.3    4.1    4.8   87.4    2.0   11.7    0.0    7.9    3.7 1002.9                                      
10729 20140123  3    1.5    2.9    4.2    6.0   92.0    2.0    9.1    0.0    7.7    4.5 1002.8                                      
10729 20140122  3    2.5    3.2    4.4    5.5   94.1    1.0    2.6    0.0    8.0    0.0 1001.6                                      
10729 20140121  3    2.7    3.3    3.7    4.0   92.0    1.0    4.8    0.0    7.9    0.8  999.7                                      
10729 20140120  3   -0.1    0.4    3.7    5.3   93.4    2.0    4.1    0.0    7.9    0.5  991.9                                      
10729 20140119  3   -3.6   -1.3    1.8    6.3   92.5    2.0    4.4    0.3    5.1    0.0  988.7                                      
10729 20140118  3   -3.7   -1.3    2.0    6.6   90.8    1.0    3.6    5.6    3.5    0.0  991.6                                      
10729 20140117  3   -3.1    0.2    5.9   10.3   82.9    3.0    8.7    4.8    3.9    0.0  992.4                                      
10729 20140116  3    2.4    4.3    6.3    8.9   88.0    2.0   10.5    0.0    7.9    2.0  993.0                                      
10729 20140115  3   -1.4    0.9    4.4    6.2   84.0    3.0    8.8    2.2    6.6    2.5  999.6                                      
10729 20140114  3   -1.2    1.7    4.9    6.5   95.5    1.0    4.9    0.0    7.4    0.3  996.5                                      
10729 20140113  3   -0.7   -0.2    3.4    5.3   95.5    2.0    7.3    0.0    7.8    6.0 1002.8                                      
10729 20140112  3   -6.3   -3.5    0.0    6.2   90.6    1.0    5.1    7.2    0.3    0.0 1011.9                                      
10729 20140111  3   -4.5   -2.0    2.4    7.4   93.6    2.0    9.0    0.0    4.7    0.3 1007.6                                      
10729 20140110  3   -3.1    0.1    5.4    9.6   81.9    2.0    9.2    3.6    3.6    0.0 1006.8                                      
10729 20140109  3    5.0    7.2   10.1   13.7   77.2    3.0   15.7    3.0    7.0    0.2 1001.1                                      
10729 20140108  3    2.6    6.0    9.6   14.6   87.9    2.0    8.4    4.0    5.8    0.1 1008.2                                      
10729 20140107  3    1.1    4.5    9.1   12.8   82.1    3.0    7.5    1.4    6.3    3.9 1004.9                                      
10729 20140106  3   -0.2    2.0    6.7    9.9   77.3    3.0    9.6    0.0    6.3    0.9 1000.8                                      
10729 20140105  3   -1.2    1.0    5.5    7.9   85.3    3.0    8.3    0.6    5.5    0.0  997.3                                      
10729 20140104  3    0.4    3.0    6.2    8.0   91.1    2.0    7.7    0.0    6.3    2.8  994.8                                      
10729 20140103  3    1.3    3.9    7.8   11.4   84.4    3.0   11.7    0.7    6.3    0.0  998.8                                      
10729 20140102  3    1.3    4.3    7.3   10.0   85.5    3.0   11.3    0.9    5.8    1.0  994.9                                      
10729 20140101  3   -0.2    2.0    5.8    8.9   79.3    3.0    8.0    2.7    6.9    1.5 1000.5                                      
10729 20131231  3   -3.8   -0.9    2.6    6.5   82.8    2.0    4.6    6.0    4.7    0.1 1007.0                                      
10729 20131230  3   -4.1   -1.7    2.3    6.8   88.1    2.0    7.8    6.7    2.3    0.0 1014.7                                      
10729 20131229  3   -2.5    0.4    5.8    7.8   83.9    3.0   10.0    0.9    7.3    0.9 1006.9                                      
10729 20131228  3    4.0    6.6    7.8    9.0   84.3    3.0   12.5    0.0    7.7    5.3  992.2                                      
10729 20131227  3    0.2    2.1    5.6    8.0   78.7    3.0   10.0    4.6    4.6    0.0  994.7                                      
10729 20131226  3    3.5    4.9    6.3    7.3   93.4    2.0    5.8    0.0    7.8    5.6  985.9                                      
10729 20131225  3    3.4    5.2    8.3   12.8   88.3    2.0   11.8    0.0    7.7   11.6  982.3                                      
10729 20131224  3    4.5    7.2   10.6   13.8   58.6    3.0   13.2    0.0    5.8    5.6  989.2                                      
10729 20131223  3    2.9    7.0    9.1   11.7   80.7    3.0   12.5    3.2    4.9    0.1 1005.4                                      
10729 20131222  3    3.7    4.8    9.0   11.2   79.3    3.0   15.3    0.1    7.9    3.5 1009.3                                      
10729 20131221  3   -4.9   -1.3    1.6    5.4   94.0    3.0   10.5    0.0    5.4    0.0 1018.5                                      
10729 20131220  3   -3.8   -0.5    3.5    7.7   93.6    2.0    5.6    1.1    4.5    0.0 1013.4                                      
10729 20131219  3    0.1    3.1    6.5    9.0   87.5    3.0   10.2    0.0    7.3    4.6  999.4                                      
10729 20131218  3   -4.8   -2.4    3.4    8.3   78.3    3.0    7.4    0.5    6.0    0.0 1009.6                                      
10729 20131217  3   -5.8   -2.8    1.6    9.7   83.9    2.0    5.8    7.0    0.3    0.0 1014.8                                      
10729 20131216  3   -4.8   -1.5    3.2    8.4   76.8    2.0    7.8    6.2    2.8    0.0 1017.6                                      
10729 20131215  3   -3.3   -0.8    2.8    6.5   87.5    3.0    9.2    1.1    5.2    0.0 1020.0                                      
10729 20131214  3   -1.5   -0.6    1.6    4.7   96.5    3.0    6.7    0.0    6.6    5.7 1017.8                                      
10729 20131213  3    0.0   -0.2    0.7    1.9   96.0    2.0    5.6    0.0    7.7    0.0 1015.5                                      
10729 20131212  3    1.9    1.9    3.2    4.4   89.8    2.0    4.9    0.0    8.0    0.0 1019.7                                      
10729 20131211  3   -0.7   -0.2    3.8    5.5   92.4    1.0    3.4    0.0    8.0    0.0 1022.8                                      
10729 20131210  3   -3.5   -1.5    3.2    8.3                  4.0    6.8           0.0                                             
10729 20131209  3   -2.0    0.0    5.0    9.5                         5.0           0.0                                             
10729 20131208  3    2.3    3.8    6.0    8.1                  7.9    0.0           0.0                                             
10729 20131207  3    1.7    2.4    3.5    4.7   81.9    3.0    9.9    0.0    7.9    0.6 1015.7                                      
10729 20131206  3    1.5    3.3    4.6    5.7   59.5    4.0   14.9    2.8    6.0    0.1 1009.8                                      
10729 20131205  3    0.5    2.4    4.9    7.2   84.9    3.0   16.3    0.0    7.8    0.9 1011.5                                      
10729 20131204  3   -0.2    0.3    2.3    4.2   89.2    2.0    6.2    0.0    8.0    0.9 1016.2                                      
10729 20131203  3   -6.4   -3.8    0.3    4.6   89.8    2.0    6.2    6.2    3.2    0.0 1017.8                                      
10729 20131202  3   -4.1   -0.7    5.7    9.3   76.9    2.0   10.2    4.4    3.9    0.0 1019.8                                      
10729 20131201  3   -1.8    0.5    3.8    6.6   93.0    1.0    3.9    1.1    7.3    0.0 1017.5                                      
10729 20131130  3   -2.7   -0.2    3.1    5.3   93.8    2.0    4.9    0.4    7.0    0.1 1008.6                                      
10729 20131129  3   -0.6    1.2    3.3    5.5   91.8    3.0   10.6    0.0    7.9    3.7 1012.4                                      
10729 20131128  3   -1.8   -1.9    0.3    1.6   93.3    2.0    5.6    0.0    7.8    0.2 1020.8                                      
10729 20131127  3   -8.6   -6.0   -2.9    1.0   93.0    1.0    4.2    3.6    4.7    0.0 1022.5                                      
10729 20131126  3   -7.2   -4.6   -0.7    3.6   88.3    2.0    5.9    7.5    0.7    0.0 1021.5                                      
10729 20131125  3   -6.5   -4.0    0.8    5.0   81.1    2.0    6.5    5.0    3.6    1.1 1017.2                                      
10729 20131124  3   -2.5    0.0    5.9    8.5   75.5    3.0   11.4    3.0    5.5    0.6 1008.3                                      
10729 20131123  3    4.0    4.5    6.0    8.7   81.4    3.0    9.3    1.5    7.0    0.0 1002.1                                      
10729 20131122  3    3.0    3.3    4.4    5.6   85.1    3.0    9.5    0.0    7.9    2.2  994.2                                      
10729 20131121  3    0.6    2.6    4.2    6.0   86.6    2.0    6.9    0.0    7.7    0.1  988.2                                      
10729 20131120  3    1.2    2.9    5.0    6.5   90.6    2.0    9.0    0.0    7.7    1.4  993.1                                      
10729 20131119  3   -0.2    1.9    4.3    6.0   94.3    2.0    9.3    0.0    7.5   14.0  994.5                                      
10729 20131118  3   -1.3    0.9    5.3    8.5   86.4    2.0    5.7    0.0    5.9    0.0 1000.7                                      
10729 20131117  3    4.8    5.1    5.9    6.7   83.0    2.0    6.0    0.0    8.0    0.0 1011.2                                      
10729 20131116  3    4.5    5.1    5.8    6.9   77.5    2.0    6.9    0.0    8.0    0.0 1017.7                                      
10729 20131115  3    1.3    3.4    5.6    7.6   75.6    2.0   10.8    3.4    7.2    0.0 1013.6                                      
10729 20131114  3   -2.8   -0.6    3.6    6.3   91.9    2.0    4.6    0.0    6.6    0.0 1010.3                                      
10729 20131113  3   -2.5    0.3    5.4    9.2   91.2    2.0    5.5    0.0    6.7    0.0 1018.2                                      
10729 20131112  3   -3.9   -2.2    3.4    8.9   87.4    1.0    4.7    6.9    3.1    0.5 1015.5                                      
10729 20131111  3   -2.6   -0.1    4.4    9.4   89.5    1.0    3.5    6.0    3.0    0.0 1017.6                                      
10729 20131110  3   -0.8    1.2    6.7    8.8   88.3    3.0   11.4    0.0    7.0    7.3  998.1                                      
10729 20131109  3    2.5    4.9   10.0   13.0   71.5    3.0   13.2    1.9    7.0    0.0 1000.3                                      
10729 20131108  3   10.2   10.7   12.7   14.9   89.7    3.0   10.9    0.0    7.5    4.8  997.6                                      
10729 20131107  3   11.2   12.7   14.1   15.6   85.8    3.0   11.3    1.1    7.3    1.3  999.2                                      
10729 20131106  3    6.0    8.2   11.2   14.5   84.4    3.0   12.3    0.0    7.8    3.1  993.3                                      
10729 20131105  3   -0.8    1.9    6.5   10.8   81.8    3.0   12.6    4.4    5.0    2.2  988.3                                      
10729 20131104  3    2.3    5.9    9.8   13.3   80.5    4.0   17.8    0.0    7.6    1.8  983.8                                      
10729 20131103  3    4.9    7.0   10.1   13.3   78.9    3.0   14.1    0.9    6.3    3.4  995.4                                      
10729 20131102  3    7.7    8.2   12.5   15.8   90.5    3.0   12.1    0.3    7.7    1.6  995.0                                      
10729 20131101  3    3.2    5.1    7.9   11.1   86.8    2.0    7.5    0.5    6.8    4.9 1006.8                                      
10729 20131031  3   -2.1    0.2    5.4   13.0   86.1    2.0    4.9    8.9    0.9    0.0 1013.4                                      
10729 20131030  3   -0.3    2.0    7.2   13.2   83.6    2.0    7.0    7.7    1.9    0.0 1012.8                                      
10729 20131029  3    2.4    5.5   11.3   15.5   74.6    3.0   10.7    3.9    4.3    0.0 1003.9                                      
10729 20131028  3   10.9   13.0   16.1   19.6   68.6    4.0   19.0    1.6    7.6    0.5  995.4                                      
10729 20131027  3   11.6   12.5   15.2   18.9   82.0    4.0   15.3    1.7    6.8    1.0  999.9                                      
10729 20131026  3   11.7   13.4   17.0   22.1   78.7    3.0    8.6    4.8    5.9    7.5 1003.2                                      
10729 20131025  3    5.5    7.6   12.5   16.7   90.1    2.0    6.5    0.0    6.9    0.0 1004.0                                      
10729 20131024  3    5.7    8.1   12.8   18.5   88.4    2.0    6.0    2.4    3.9    0.0 1006.4                                      
10729 20131023  3    9.9   11.8   14.9   16.5   89.3    3.0   11.2    0.0    7.4    2.6  998.9                                      
10729 20131022  3   10.9   12.9   16.7   22.9   79.7    2.0    8.6    4.9    5.8    0.1  998.5                                      
10729 20131021  3    9.9   11.7   14.8   18.3   88.1    2.0    8.3    3.2    7.0    0.0 1005.0                                      
10729 20131020  3   10.3   12.5   15.0   16.4   94.3    3.0    9.1    0.0    7.0    7.0 1004.1                                      
10729 20131019  3    3.7    6.0   13.7   19.2   79.1    2.0    7.8    8.3    2.8    0.4 1002.8                                      
10729 20131018  3    5.2    8.7   12.8   17.8   82.7    2.0    8.0    5.3    4.1    0.0 1006.8                                      
10729 20131017  3    6.0    9.3   13.2   16.6   80.2    3.0   11.6    1.6    6.6    0.0 1004.9                                      
10729 20131016  3    7.0    8.5   11.2   14.7   82.2    2.0    6.8    1.8    7.4    0.0 1002.3                                      
10729 20131015  3    8.7    9.6   11.8   13.1   90.8    2.0    7.9    0.0    7.4    0.7  998.9                                      
10729 20131014  3    5.4    5.7   11.1   14.0   91.8    2.0    9.5    1.3    7.7   12.4 1004.9                                      
10729 20131013  3    1.3    3.9    7.2   12.2   85.3    2.0    8.5    4.9    4.4    1.2 1007.4                                      
10729 20131012  3    0.5    1.3    5.1    7.3   90.4    2.0    5.5    0.2    5.7    0.0 1006.1                                      
10729 20131011  3    0.9    2.8    7.2    9.8   89.3    1.0    5.3    0.1    6.3    1.2 1002.5                                      
10729 20131010  3    5.6    7.0    9.8   12.7   83.8    2.0   11.4    3.1    6.7    1.0  997.8                                      
10729 20131009  3   11.9   12.3   14.1   17.5   85.9    2.0    9.1    0.5    7.9   18.2 1007.2                                      
10729 20131008  3    5.4    7.5   13.1   17.6   82.8    1.0    5.2    2.7    5.5    0.0 1012.9                                      
10729 20131007  3    7.4   10.2   14.3   18.8   85.8    2.0    6.2    2.3    6.5    0.0 1013.8                                      
10729 20131006  3   10.8   10.9   12.7   14.4   94.8    2.0    5.6    0.0    8.0    2.6 1012.3                                      
10729 20131005  3   10.7   10.8   11.4   12.5   95.8    2.0    4.6    0.0    7.8   24.0 1005.6                                      
10729 20131004  3    8.3    9.5   12.7   16.5   80.5    1.0    4.2    1.2    7.5   20.8 1007.2                                      
10729 20131003  3    0.3    4.1   11.4   17.7   56.6    2.0    7.1    8.6    1.5    1.6 1008.1                                      
10729 20131002  3    2.3    6.0   11.8   16.9   58.8    3.0   11.7   10.7    0.7    0.0 1006.8                                      
10729 20131001  3    4.1    7.2   12.5   18.6   66.9    2.0    7.8    4.3    3.9    0.0 1000.5                                      
10729 20130930  3    7.2    9.2   12.4   15.5   66.1    2.0    8.9    4.0    5.3    0.0  997.3                                      
10729 20130929  3   10.0   12.0   15.1   18.5   54.9    3.0   10.3    2.0    7.8    0.0  997.0                                      
10729 20130928  3    7.0    7.8   14.4   21.0   70.4    2.0    8.1    6.3    5.9    0.0 1000.1                                      
10729 20130927  3    7.5   10.1   14.5   19.9   72.1    2.0    5.8    9.7    3.8    0.0 1004.3                                      
10729 20130926  3   11.5   13.3   16.5   20.3   79.1    2.0    7.7    0.2    7.7    0.0 1002.4                                      
10729 20130925  3    6.9    9.3   14.4   20.9   89.7    2.0    5.0    2.9    5.9    0.0 1000.4                                      
10729 20130924  3    5.6    7.9   14.5   21.8   80.0    1.0    3.9    9.9    1.9    0.0 1005.1                                      
10729 20130923  3    6.7    9.3   15.8   21.6   78.3    2.0    7.8    5.6    4.8    0.0 1012.9                                      
10729 20130922  3    5.6    7.1   14.4   20.9   80.4    1.0    4.3    7.5    4.8    0.0 1016.0                                      
10729 20130921  3    5.9    7.6   12.8   19.4   81.9    1.0    3.6    7.1    2.9    0.0 1014.4                                      
10729 20130920  3    9.3   11.2   13.7   17.1   86.8    2.0    7.9    0.4    7.7    0.0 1005.6                                      
10729 20130919  3    5.7    7.4   12.4   17.1   79.0    2.0    9.3    1.9    7.1    2.7 1001.7                                      
10729 20130918  3   10.0   10.1   13.2   16.2   91.8    3.0   11.4    0.0    7.8   15.9  989.0                                      
10729 20130917  3    5.3    6.8   10.8   15.6   81.8    3.0   11.1    3.9    6.3    5.4  994.4                                      
10729 20130916  3    5.7    7.4   12.5   15.6   88.3    3.0   12.0    0.0    7.6    8.9  993.2                                      
10729 20130915  3   12.4   13.2   15.2   17.3   86.0    2.0    8.1    0.3    7.8    1.4  999.4                                      
10729 20130914  3   13.4   13.7   15.7   18.3   93.0    2.0    8.9    0.0    7.9   12.9 1003.5                                      
10729 20130913  3   10.5   12.2   15.0   18.9   80.5    2.0    6.2    1.1    7.3    0.6 1009.0                                      
10729 20130912  3   11.3   12.2   14.5   17.8   82.5    2.0   10.2    1.5    7.5    1.0 1004.6                                      
10729 20130911  3    7.7    9.2   12.8   17.2   85.2    3.0   10.1    0.3    7.2    8.8 1002.6                                      
10729 20130910  3    8.2   10.3   14.2   17.3   71.9    3.0   10.5    4.0    5.3    0.6 1003.4                                      
10729 20130909  3   11.8   13.1   16.6   20.9   69.9    2.0   10.2    6.5    6.3    3.0 1006.6                                      
10729 20130908  3   14.1   14.3   17.9   22.6   86.6    2.0    8.3    1.1    7.6    3.6 1005.9                                      
10729 20130907  3   15.2   16.9   20.4   24.6   79.8    2.0    6.0    3.4    7.3   10.8 1004.5                                      
10729 20130906  3   12.6   14.6   22.8   31.3   61.4    2.0    8.4   10.5    1.0    1.7  999.4                                      
10729 20130905  3   11.3   13.2   22.5   31.0   59.0    2.0    7.5   12.1           0.0 1003.4                                      
10729 20130904  3   11.3   13.1   20.7   29.1   65.8    2.0    5.3   12.1           0.0 1010.5                                      
10729 20130903  3   10.5   12.4   19.1   25.6   66.7    2.0    7.4   11.7    1.5    0.0 1014.8                                      
10729 20130902  3   11.0   11.9   18.0   24.4   57.8    2.0    9.7    8.0    5.0    0.0 1013.7                                      
10729 20130901  3   11.4   12.2   15.7   19.7   66.7    2.0    9.2    6.2    5.2    0.0 1014.2                                      
10729 20130831  3    9.9   11.9   17.6   23.5   76.8    2.0    9.5    1.8    5.6    0.5 1009.6                                      
10729 20130830  3    9.2   10.7   18.8   26.5   67.3    1.0    5.8   11.1    2.3    0.0 1008.5                                      
10729 20130829  3    8.2   10.1   17.7   25.7   71.3    1.0    5.6    9.6    2.8    0.0 1009.7                                      
10729 20130828  3   11.3   12.9   18.6   24.0   67.4    2.0    9.2    9.7    3.6    0.0 1006.2                                      
10729 20130827  3   14.0   14.7   17.8   21.8   73.7    2.0    7.4    0.5    7.6    0.0 1002.4                                      
10729 20130826  3   14.1   14.9   17.1   20.2   84.9    2.0    6.2    0.5    7.5    0.5 1001.0                                      
10729 20130825  3   14.3   14.7   16.4   18.6   92.0    2.0    7.9    0.0    7.9    8.3  999.7                                      
10729 20130824  3   10.4   12.9   17.8   25.1   76.8    2.0   10.6    4.3    4.8    7.5 1000.8                                      
10729 20130823  3   12.9   15.5   20.4   26.2   59.4    2.0    6.8    5.6    4.5    0.0 1004.6                                      
10729 20130822  3    9.8   12.4   19.7   26.9   58.1    2.0    6.7   11.0    2.5    0.0 1007.6                                      
10729 20130821  3    8.5    9.9   17.8   25.7   65.5    2.0    6.4   11.3    1.1    0.0 1012.7                                      
10729 20130820  3    8.3    9.8   16.4   23.0   71.2    2.0    6.5    6.3    2.9    0.0 1015.5                                      
10729 20130819  3   10.1   12.3   18.7   24.2   75.0    2.0    9.3    4.3    5.3   12.5 1005.7                                      
10729 20130818  3   13.9   15.8   20.2   25.0   73.5    2.0    7.3    0.7    7.1    7.1 1003.8                                      
10729 20130817  3   11.0   12.6   21.6   30.8   57.2    2.0    9.5   11.6    2.9    0.0 1003.9                                      
10729 20130816  3    8.4   10.1   20.2   29.6   52.8    2.0    8.0   13.3    1.7    0.0 1006.5                                      
10729 20130815  3    6.5    7.7   17.2   25.5   56.4    2.0    7.6   13.1    1.2    0.0 1010.9                                      
10729 20130814  3    8.4    9.8   16.3   23.1   57.8    2.0    6.8   10.0    2.2    0.0 1011.5                                      
10729 20130813  3   10.4   12.0   17.3   22.7   66.2    2.0    8.4    5.8    4.6    0.0 1007.5                                      
10729 20130812  3    9.8   11.8   19.2   27.1   65.8    2.0   10.8    9.2    4.2    3.1 1004.8                                      
10729 20130811  3   11.9   14.1   19.6   23.9   53.8    2.0    7.4    7.0    6.2    0.0 1007.9                                      
10729 20130810  3   12.3   14.2   20.1   26.6   62.8    2.0    9.8    7.5    4.1    0.0 1008.5                                      
10729 20130809  3   12.8   14.7   19.0   23.7   70.3    2.0    5.7    2.7    5.2    0.0 1009.1                                      
10729 20130808  3   17.1   17.6   19.6   22.3   79.2    2.0    6.9    0.6    7.7    0.0 1005.1                                      
10729 20130807  3   15.5   16.8   21.1   27.8   81.7    2.0    9.8    3.0    6.5    2.1 1000.2                                      
10729 20130806  3   16.3   17.8   23.2   32.2   69.9    2.0   21.0    9.5    3.7   16.7 1003.1                                      
10729 20130805  3   13.2   15.2   24.9   33.4   55.3    2.0    8.4   13.5           0.0 1004.4                                      
10729 20130804  3   14.7   16.9   23.6   30.1   50.5    2.0    6.2    8.7           0.0 1008.9                                      
10729 20130803  3   18.1   19.8   25.7   31.0   52.1    2.0   12.4    5.4    6.1    0.0 1006.3                                      
10729 20130802  3   15.2   17.3   27.1   36.3   52.3    2.0   10.1   13.2           0.0 1002.0                                      
10729 20130801  3   12.4   13.8   24.2   33.6   57.8    2.0    9.3   14.2           0.0 1004.7                                      
10729 20130731  3   14.0   15.3   22.7   27.6   60.4    3.0   10.0    5.5    5.4    0.0 1007.7                                      
10729 20130730  3   16.5   17.1   21.9   27.5   61.3    3.0   12.6    7.4    6.4    0.0 1008.0                                      
10729 20130729  3   16.0   18.0   20.7   23.9   79.0    2.0    9.3    0.4    7.1    0.1 1004.6                                      
10729 20130728  3   18.3   19.0   23.5   29.2   76.3    2.0   13.0    2.8    7.3    2.7 1000.8                                      
10729 20130727  3   17.5   18.6   28.1   36.8   54.7    2.0   12.1   13.7    3.1    1.1  997.2                                      
10729 20130726  3   16.4   17.5   25.7   33.5   62.7    2.0    8.4    7.9    4.8    0.0 1002.2                                      
10729 20130725  3   15.9   17.2   23.8   30.1   70.8    2.0   10.1   11.2    2.7    0.0 1004.1                                      
10729 20130724  3   17.3   18.7   23.1   27.2   73.4    2.0    7.9    5.9    5.2    0.1 1003.1                                      
10729 20130723  3   15.7   16.7   24.2   31.9   61.7    2.0   11.2    7.5    6.0    2.8 1001.7                                      
10729 20130722  3   15.3   17.5   25.7   33.8   50.3    2.0    7.1   14.2           0.0 1004.3                                      
10729 20130721  3   15.7   18.4   26.0   32.0   43.1    2.0    6.9   14.5           0.0 1006.9                                      
10729 20130720  3   15.8   16.7   24.1   30.0   53.4    2.0    8.7   14.2    2.1    0.0 1007.2                                      
