10742 20140719  1   15.6   18.0   26.4   34.5   45.5    2.0    9.2   13.5    0.1    0.0  981.7                                      
10742 20140718  1   13.3   15.3   24.8   33.0   50.7    2.0    7.6   14.4    0.1    0.0  986.3                                      
10742 20140717  1   12.0   13.7   22.5   29.8   57.8    1.0    5.0   14.6    0.9    0.0  989.1                                      
10742 20140716  1   11.6   13.5   20.6   27.6   65.0    2.0    6.0   11.4    3.0    0.0  989.5                                      
10742 20140715  1   12.1   14.0   20.1   26.1   64.0    2.0    6.9   13.6    2.7    0.0  988.4                                      
10742 20140714  1   14.5   16.2   19.3   24.6   75.9    2.0    9.7    7.3    5.3    0.7  982.3                                      
10742 20140713  1   15.0   15.8   17.9   22.9   81.8    2.0    9.8    2.8    7.4    3.7  979.2                                      
10742 20140712  1   15.9   16.5   17.9   22.2   87.6    2.0    8.7    2.0    7.2    3.0  980.4                                      
10742 20140711  1   14.8   14.6   18.7   25.6   77.8    2.0   15.4    5.8    6.4    0.1  980.3                                      
10742 20140710  1   11.2   11.4   13.6   15.7   88.8    2.0    5.6    0.0    7.8    2.7  977.7                                      
10742 20140709  1   11.0   11.2   11.9   12.7   93.3    4.0   13.1    0.0    7.9   11.6  976.6                                      
10742 20140708  1   12.4   12.5   14.8   16.6   94.0    3.0   11.6    0.0    7.8   14.0  977.3                                      
10742 20140707  1   15.4   15.3   19.8   24.9   78.6    2.0   12.9    2.5    7.1   21.5  982.9                                      
10742 20140706  1   14.2   16.4   24.0   32.2   57.8    2.0   24.3   11.8    3.6   11.8  979.6                                      
10742 20140705  1   16.0   17.2   19.9   24.5   73.0    2.0   12.3    1.8    7.3    0.9  979.7                                      
10742 20140704  1   12.6   14.1   23.7   32.0   46.4    2.0   10.8   10.5    3.3    0.5  980.6                                      
10742 20140703  1    9.4   11.6   21.1   29.0   52.3    2.0    8.3   14.0    1.0    0.0  990.6                                      
10742 20140702  1   11.5   12.7   19.1   25.4   53.5    2.0    6.1   11.5    3.1    0.0  987.9                                      
10742 20140701  1    7.9    9.7   17.3   24.0   59.1    2.0    6.8   13.3    3.7    0.0  985.8                                      
10742 20140630  1   10.8   12.1   14.8   20.4   77.8    2.0   13.4    4.5    6.8    1.6  983.5                                      
10742 20140629  1   11.9   12.0   16.8   19.6   76.2    3.0   14.5    2.2    7.3   16.4  977.4                                      
10742 20140628  1   11.4   13.9   18.2   24.0   76.3    2.0   12.1    2.0    7.3    3.0  980.4                                      
10742 20140627  1    6.9    8.9   19.1   27.1   49.6    2.0   10.0   11.6    3.4    0.4  983.2                                      
10742 20140626  1    3.6    7.1   15.8   23.2   55.3    2.0    6.6   13.9    2.6    0.0  982.7                                      
10742 20140625  1    6.3    9.4   15.8   20.7   62.5    2.0    9.4    7.7    5.2    0.0  980.7                                      
10742 20140624  1   11.2   12.9   19.3   26.1   47.8    2.0    6.8   14.0    3.2    1.2  983.9                                      
10742 20140623  1    6.8    9.4   18.4   25.5   53.5    2.0    8.6   11.8    2.8    0.0  987.3                                      
10742 20140622  1    4.9    7.7   17.1   25.0   56.2    2.0    8.7   14.7    0.5    0.0  987.0                                      
10742 20140621  1    6.0    8.6   15.4   21.9   62.2    2.0    7.0    9.3    3.4    0.0  986.1                                      
10742 20140620  1    7.6    9.3   14.5   19.4   73.8    2.0    9.7    2.4    6.3    0.0  985.5                                      
10742 20140619  3    9.6   11.6   17.8   23.2   58.0    2.0    9.6   13.2    3.8    2.8  985.4                                      
10742 20140618  3    9.5   11.4   19.0   26.2   54.8    2.0    7.5   13.9    1.3    0.0  986.4                                      
10742 20140617  3    9.1   11.2   17.0   22.7   62.6    2.0    7.8    9.0    5.8    0.0  986.5                                      
10742 20140616  3    6.4    9.1   17.1   23.5   52.2    2.0    7.5    9.5    3.8    0.0  986.6                                      
10742 20140615  3    6.1    8.8   16.7   23.5   54.1    2.0    7.5   13.1    1.3    0.0  987.4                                      
10742 20140614  3    8.5   11.7   16.4   21.3   59.3    2.0    7.5    5.9    5.4    0.0  986.1                                      
10742 20140613  3   11.2   13.6   19.9   25.7   55.0    2.0    7.9   13.6    2.3    0.0  987.7                                      
10742 20140612  3   13.8   16.1   22.1   28.1   66.2    1.0    5.8   10.9    2.7    0.0  991.4                                      
10742 20140611  3   15.4   18.2   23.5   30.0   62.2    1.0    7.5    7.7    4.5    0.0  990.4                                      
10742 20140610  3   16.8   19.1   26.3   33.8   49.5    1.0    5.8    9.8    3.6    0.0  985.6                                      
10742 20140609  3   15.7   18.2   27.6   35.8   42.0    1.0    4.6   14.0    0.6    0.0  984.7                                      
10742 20140608  3   13.7   16.8   26.3   35.1   48.8    1.0    4.3   14.6    0.3    0.0  985.8                                      
10742 20140607  3   10.0   12.9   22.8   31.1   51.6    1.0    4.7   11.8    1.4    0.0  984.3                                      
10742 20140606  3    5.5    9.1   19.1   27.6   50.8    1.0    5.0   14.0    1.0    0.0  984.5                                      
10742 20140605  3    6.6    9.7   14.8   20.2   61.0    2.0    8.0    9.7    3.4    0.0  983.2                                      
10742 20140604  3    7.0    9.6   16.0   23.8   71.0    1.0    8.2    7.2    4.8    0.7  977.5                                      
10742 20140603  3    9.7   10.8   15.7   22.1   69.4    1.0    9.9    5.3    6.0    0.0  982.7                                      
10742 20140602  3   10.2   11.5   16.5   22.1   59.8    1.0    8.1    7.8    5.9    0.0  985.5                                      
10742 20140601  3    6.1    8.1   14.8   21.1   63.8    1.0    5.0    4.9    6.3    0.0  987.0                                      
10742 20140531  3    1.6    4.2   13.6   21.5   63.2    1.0    5.8   13.0    1.4    0.0  988.5                                      
10742 20140530  3    3.2    5.5   10.6   14.1   70.5    2.0    6.3    1.7    6.4    0.0  988.4                                      
10742 20140529  3    9.2    9.5   13.8   17.4   81.2    1.0    6.3    0.5    7.7    0.0  982.8                                      
10742 20140528  3   10.6   11.9   14.4   18.0   74.9    2.0    8.3    0.6    7.7    0.0  980.2                                      
10742 20140527  3   12.6   13.0   14.9   18.0   82.9    2.0    9.5    0.3    7.8    0.0  979.1                                      
10742 20140526  3   12.5   12.4   15.6   19.0   83.5    1.0    5.5    0.1    7.7    6.7  981.8                                      
10742 20140525  3    4.7    7.7   16.5   23.8   60.8    1.0    6.6   10.8    3.5    1.0  986.6                                      
10742 20140524  3    5.6    8.5   14.3   19.1   76.0    2.0    7.5    7.4    3.8    1.2  984.0                                      
10742 20140523  3   10.2   12.1   15.4   21.8   74.5    1.0    7.8    6.3    4.4    3.1  979.5                                      
10742 20140522  3   11.8   14.6   20.4   28.4   58.1    2.0   13.2    9.5    2.7    0.0  977.6                                      
10742 20140521  3    8.7   12.0   21.4   28.6   48.7    1.0    7.2   11.8    1.3    0.0  979.8                                      
10742 20140520  3    7.5   10.8   19.9   28.2   49.3    1.0    5.1   12.4    1.1    0.0  980.4                                      
10742 20140519  3    6.9    8.7   16.9   24.1   63.0    1.0    7.3    9.2    3.2    0.0  977.7                                      
10742 20140518  3    5.0    7.0   13.7   19.8   71.4    1.0    6.7    7.4    3.4    0.0  981.7                                      
10742 20140517  3    2.6    5.1   13.0   19.7   62.5    1.0    6.0   10.6    3.4    0.0  988.0                                      
10742 20140516  3    3.2    6.4   12.4   18.4   63.7    2.0    8.4   11.0    3.5    0.0  994.5                                      
10742 20140515  3    5.9    7.0   10.1   14.2   68.8    1.0    6.0    2.8    7.5    0.0  998.0                                      
10742 20140514  3    5.6    7.0   10.8   15.2   68.8    2.0    7.8    8.9    5.8    0.4  993.4                                      
10742 20140513  3    6.5    7.5    9.8   14.9   79.8    2.0   10.9    4.1    6.9    3.3  984.1                                      
10742 20140512  3    5.9    7.6    9.7   13.7   75.0    2.0   14.1    4.9    6.5    1.3  980.7                                      
10742 20140511  3    6.1    7.0   10.6   15.0   79.6    3.0   18.4    4.9    6.3    4.4  977.1                                      
10742 20140510  3    7.5   10.9   13.7   19.0   75.3    2.0   12.2    1.3    6.9   10.1  981.3                                      
10742 20140509  3    8.6   11.7   15.3   19.6   70.7    3.0   13.1    4.7    6.7    0.0  982.6                                      
10742 20140508  3    8.3    9.7   13.6   19.0   78.2    2.0   10.2    3.8    7.3   11.2  983.2                                      
10742 20140507  3    8.2   10.4   13.6   17.8   76.2    2.0   13.8    4.0    6.7    4.1  981.3                                      
10742 20140506  3    4.4    8.9   15.9   21.4   54.1    2.0    8.1    6.9    4.6    3.1  980.6                                      
10742 20140505  3    2.6    4.5   12.4   19.8   59.3    1.0    4.0   13.3    2.6    0.0  984.7                                      
10742 20140504  3   -1.1    1.0    9.1   15.5   63.8    1.0    4.6   12.9    1.4    0.0  989.2                                      
10742 20140503  3    3.6    5.7    7.7   10.2   73.6    2.0    7.3    0.2    8.0    0.0  988.5                                      
10742 20140502  3    6.6    7.3   11.8   17.1   86.7    1.0    5.7    1.0    7.7    1.0  980.5                                      
10742 20140501  3    9.5   10.6   12.3   14.6   92.7    1.0    4.2    0.1    7.6    1.8  979.2                                      
10742 20140430  3   10.3   11.0   13.7   19.0   88.0    1.0    5.6    2.2    7.2    4.0  977.8                                      
10742 20140429  3    8.7   10.4   12.9   17.1   83.9    1.0    4.7    2.1    7.1    9.0  979.5                                      
10742 20140428  3    8.5    9.5   11.8   14.0   85.1    1.0    4.9    0.0    8.0    0.0  977.8                                      
10742 20140427  3    9.3    9.6   11.3   13.7   89.8    2.0    8.8    0.2    7.7    3.2  976.0                                      
10742 20140426  3   11.6   11.8   15.5   20.7   75.3    2.0    6.1    6.0    6.5   13.3  978.2                                      
10742 20140425  3    8.5   10.8   17.7   24.9   58.5    2.0    7.0   10.1    2.7    0.2  978.7                                      
10742 20140424  3    4.6    7.4   16.2   24.6   58.9    1.0    6.9   12.4    0.6    0.0  984.4                                      
10742 20140423  3    3.3    6.5   14.4   22.9   63.2    1.0    4.6   10.8    1.5    0.0  986.1                                      
10742 20140422  3    3.4    5.9   12.5   19.3   71.9    1.0    6.7    9.7    2.1    0.0  980.1                                      
10742 20140421  3    1.3    4.5   11.7   18.5   71.9    1.0    6.2    7.2    4.5    0.7  972.4                                      
10742 20140420  3    3.9    7.9   13.6   19.3   62.6    2.0    8.1    7.8    3.6    0.0  973.9                                      
10742 20140419  3    1.3    2.9    9.4   17.9   78.4    2.0    8.7    5.3    6.0    0.0  979.2                                      
10742 20140418  3    1.0    2.6    6.6   10.8   76.6    1.0   10.0    1.3    7.4    7.0  979.8                                      
10742 20140417  3    0.0    1.7    9.4   16.4   46.1    1.0    6.4   12.3    1.5    0.0  988.7                                      
10742 20140416  3   -4.0   -0.1    6.7   13.7   64.9    1.0    5.8    8.0           0.0  995.4                                      
10742 20140415  3   -1.9    1.5    5.1    8.6   71.1    2.0    9.2    0.3           0.0  991.5                                      
10742 20140414  3    2.8    4.4    9.1   13.9   68.7    3.0           3.2           2.7  984.9                                      
10742 20140413  3    3.6    8.2   12.8   17.5   55.3    2.0    9.7   11.5    2.6    0.0  985.8                                      
10742 20140412  3    3.6    6.4   13.9   20.3   58.8    2.0    6.9    9.7    5.4    0.0  983.4                                      
10742 20140411  3    2.5    5.9   12.8   18.8   62.4    2.0    9.8   11.8    1.8    0.0  985.1                                      
10742 20140410  3    7.9    8.5   11.0   15.3   65.4    2.0    5.8    1.0    7.7    0.0  989.1                                      
10742 20140409  3    2.7    5.3    9.3   14.0   61.3    3.0   11.3    6.4    6.1    0.0  992.1                                      
10742 20140408  3    5.0    5.9   12.7   16.4   62.4    4.0   18.8    3.3    7.3    0.8  985.1                                      
10742 20140407  3    3.8    7.3   15.8   22.9   59.3    2.0    5.7    8.3    4.3    2.6  984.6                                      
10742 20140406  3    9.5   11.1   14.1   19.3   71.5    2.0    8.4    7.0    6.2    0.0  986.8                                      
10742 20140405  3    5.1    7.5   11.8   15.2   88.8    2.0    9.4    0.0    5.8    1.2  981.5                                      
10742 20140404  3    7.2    9.2   15.4   23.6   61.0    2.0   12.9    3.9    3.3    2.0  973.9                                      
10742 20140403  3    4.6    8.4   15.5   23.7   55.0    2.0    7.1    5.0    5.7    0.0  973.0                                      
10742 20140402  3    2.8    6.8   14.8   22.8   54.3    2.0    4.7   10.6    1.9    0.0  975.8                                      
10742 20140401  3    3.2    6.3   13.4   21.7   58.5    2.0    5.1    7.7    4.6    0.0  979.7                                      
10742 20140331  3    2.0    5.4   11.5   19.0   65.7    1.0    3.7    1.3    2.3    0.0  982.1                                      
10742 20140330  3   -0.2    4.1   12.6   21.6   57.5    2.0    5.1   11.0    0.4    0.0  983.6                                      
10742 20140329  3    3.0    5.1   12.1   19.7   55.0    3.0    8.8   11.1    0.5    0.0  986.5                                      
10742 20140328  3    0.1    4.8   11.0   17.6   56.0    3.0    9.4    9.7    0.8    0.0  983.3                                      
10742 20140327  3   -2.3    1.6    8.4   15.4   58.4    3.0    9.4   10.6    1.0    0.0  978.6                                      
10742 20140326  3   -4.2   -1.5    4.7   10.9   71.8    2.0    9.3    5.8    3.5    0.0  979.0                                      
10742 20140325  3   -2.8   -0.5    3.8   10.7   77.5    2.0    9.3    6.9    3.6    0.0  977.9                                      
10742 20140324  3   -2.0    0.4    4.1    8.4   79.8    2.0    7.9    5.5    4.7    0.0  979.3                                      
10742 20140323  3    2.3    4.0    6.4    8.0   74.8    2.0    9.9    0.0    7.0    0.0  975.0                                      
10742 20140322  3    5.6    6.3    9.8   13.1   83.6    2.0   10.5    0.0    7.3    5.9  974.6                                      
10742 20140321  3    5.0   12.1   15.7   21.0   46.0    3.0   17.5    7.6    3.2    1.2  979.9                                      
10742 20140320  3   -1.0    2.8   12.7   22.3   54.7    2.0    9.0   10.8    0.3    0.0  986.7                                      
10742 20140319  3    3.6    7.2   10.5   14.1   65.8    4.0   15.0    2.9    5.1    0.0  991.4                                      
10742 20140318  3    0.7    4.0   10.0   15.8   68.3    3.0   11.6    4.2    6.9    0.0  984.4                                      
10742 20140317  3    1.6    6.2   11.1   16.5   73.0    2.0   10.6   10.1    1.0    0.0  988.0                                      
10742 20140316  3    5.9    6.3    9.7   13.0   76.5    4.0   16.1    0.6    7.3    0.0  987.8                                      
10742 20140315  3    1.3    6.3    7.6    9.4   77.1    3.0   12.9    0.2    6.6    1.9  988.1                                      
10742 20140314  3   -2.6    1.8    9.1   17.8   61.5    2.0    4.8   10.6           0.0  992.2                                      
10742 20140313  3   -1.8    2.0    9.9   19.3   56.4    2.0    5.5   10.6           0.0  995.1                                      
10742 20140312  3   -1.6    3.8   10.4   18.6   53.3    2.0    7.9   10.6           0.0  997.1                                      
10742 20140311  3   -0.9    2.9    9.4   16.7   51.1    3.0   10.1   10.6           0.0  994.4                                      
10742 20140310  3   -0.4    3.9    9.3   16.8   58.8    2.0    8.1   10.5    2.6    0.0  991.6                                      
10742 20140309  3    0.9    4.6   10.9   18.4   51.5    3.0   10.9   10.5           0.0  997.0                                      
10742 20140308  3   -2.7    0.4    7.5   15.6   71.0    2.0    7.6    9.6    1.8    0.0  998.5                                      
10742 20140307  3   -3.0    1.0    6.8   14.1   71.7    2.0    4.2    9.6    2.3    0.0  993.7                                      
10742 20140306  3   -2.7   -0.5    4.7   11.5   81.4    2.0    7.7    6.7    2.3    0.0  995.2                                      
10742 20140305  3   -1.9    0.9    4.4   10.5   85.2    1.0    8.0    1.6           2.2  985.0                                      
10742 20140304  3   -0.6    2.3    6.6   12.6   72.9    2.0    6.7    7.3    4.8    0.0  970.3                                      
10742 20140303  3   -2.4    0.8    4.9    9.5   80.8    2.0    7.8    0.9    6.0    0.0  962.9                                      
10742 20140302  3   -2.1    1.3    4.6    8.3   83.0    2.0    4.7    1.7    5.5    0.0  971.2                                      
10742 20140301  3   -1.6    1.1    5.1    9.1   81.1    2.0    4.8    2.0    6.5    0.3  970.0                                      
10742 20140228  3    2.5    3.4    6.5   10.6   76.6    2.0    7.7    3.8    7.2    0.0  972.6                                      
10742 20140227  3    3.9    4.4    6.4    9.4   83.6    2.0    9.8    2.3    7.3    2.6  984.3                                      
10742 20140226  3    2.4    4.7    7.7   12.5   80.5    2.0    7.7    4.8    6.8    4.5  983.7                                      
10742 20140225  3   -3.6    0.3    7.3   14.0   62.8    2.0    9.3    7.3    4.3    0.3  981.7                                      
10742 20140224  3   -4.6   -0.3    5.8   13.3   65.7    2.0    7.2    9.8    1.8    0.0  984.9                                      
10742 20140223  3   -0.7    3.3    6.3   11.8   74.5    2.0    5.9    7.5    5.0    0.0  989.7                                      
10742 20140222  3   -3.2    0.7    4.7   10.0   75.8    2.0    9.2    5.0    4.9    0.2  984.4                                      
10742 20140221  3   -2.2    2.0    6.9    9.2   79.5    3.0   12.4    0.4    6.8    0.3  977.8                                      
10742 20140220  3    1.0    4.3    7.4   12.6   73.3    2.0    6.7    5.1           0.5  981.1                                      
10742 20140219  3    1.6    3.4    6.7   10.8   79.9    2.0    9.0    1.5    7.5    0.1  982.4                                      
10742 20140218  3   -1.9    1.1    5.2   11.0   78.6    2.0    5.3    3.5    5.6    0.6  983.0                                      
10742 20140217  3   -1.9    0.9    5.5   11.0   73.3    2.0    6.2    9.0    3.1    0.0  983.5                                      
10742 20140216  3   -0.8    3.1    6.3    8.1   77.4    3.0   13.7    0.1    6.5    0.0  980.3                                      
10742 20140215  3    4.3    5.5    8.0   10.6   80.6    2.0    8.8    0.0    7.6    9.9  972.3                                      
10742 20140214  3   -0.7    2.2    6.1    9.1   67.4    3.0   12.1    4.1    6.5    0.2  976.0                                      
10742 20140213  3    2.3    3.8    6.5    8.6   77.6    4.0   21.7    1.2    7.0   11.6  968.0                                      
10742 20140212  3   -2.4   -0.3    3.9    8.2   74.8    2.0    9.7    3.3    6.3    0.7  976.6                                      
10742 20140211  3   -1.9    0.3    4.4    8.4   78.2    3.0   14.0    1.5    6.5    0.0  973.2                                      
10742 20140210  3   -2.4   -0.1    3.0    5.1   80.5    3.0   16.3    0.0    6.0    2.0  964.5                                      
10742 20140209  3   -1.4    0.4    4.9    8.0   75.1    3.0   15.6    1.2    6.1    2.2  967.9                                      
10742 20140208  3   -1.3    2.7    6.1   10.0   71.7    3.0   13.1    0.2    5.7    6.0  968.2                                      
10742 20140207  3    1.3    4.4    8.5   12.8   59.4    3.0   15.8    0.0    6.3    0.2  969.3                                      
10742 20140206  3    2.5    5.1    7.9   11.5   62.0    3.0    9.7    6.1    6.3    0.2  974.5                                      
10742 20140205  3   -3.6   -1.0    2.4    5.9   89.8    2.0    7.1    0.3           1.0  971.1                                      
10742 20140204  3   -1.3    0.2    3.2    7.2   87.3    2.0    6.4    0.0    6.5    0.0  978.5                                      
10742 20140203  3   -1.3    0.6    2.1    3.8   90.7    2.0   10.1    0.0    7.7    0.0  979.8                                      
10742 20140202  3   -1.5    1.0    3.5    5.4   95.0    1.0    3.5    0.0    7.3    0.4  981.6                                      
10742 20140201  3   -3.6   -0.8    3.8    9.3   77.7    2.0    6.4    4.8    4.8    3.6  973.1                                      
10742 20140131  3   -4.1   -0.9    0.6    4.3   82.9    2.0    5.4    6.4    3.8    0.0  976.4                                      
10742 20140130  3   -5.1   -2.0   -0.5    0.7   83.8    2.0    8.6    4.3    5.5    0.0  974.1                                      
10742 20140129  3   -3.1   -1.5    0.1    0.9   82.8    3.0    9.8    0.0    7.6    0.0  969.3                                      
10742 20140128  3   -2.3   -0.6    2.1    6.0   87.7    2.0    9.9    7.5    4.8    0.0  969.0                                      
10742 20140127  3   -1.4    0.4    2.9    6.4   87.6    3.0   13.5    3.0    6.5    2.6  966.7                                      
10742 20140126  3    0.0    0.1    2.9    4.8   82.9    3.0   14.3    0.1    7.4    4.1  975.3                                      
10742 20140125  3   -0.4    0.3    2.3    3.4   91.1    1.0    8.6    0.0    7.8    3.5  984.5                                      
10742 20140124  3    1.6    1.6    2.5    3.9   96.4    3.0   11.3    0.0    7.8    1.3  981.5                                      
10742 20140123  3    1.3    2.2    3.5    5.3   89.6    2.0    6.3    0.0    7.8    3.7  981.9                                      
10742 20140122  3    2.7    2.8    3.9    5.0   93.6    1.0    4.4    0.0    7.8    0.0  980.5                                      
10742 20140121  3    2.2    2.2    2.7    3.6   97.8    2.0    7.4    0.0    7.9    1.2  978.3                                      
10742 20140120  3    1.9    1.7    2.8    3.6   98.9    2.0    5.5    0.0    7.9    0.7  970.6                                      
10742 20140119  3    0.0    1.5    2.9    3.8   92.2    2.0    8.8    0.0    7.8    0.2  967.7                                      
10742 20140118  3   -2.3    0.0    2.4    4.8   93.0    3.0   10.0    3.0    5.0    0.0  971.2                                      
10742 20140117  3   -1.0    1.7    6.1    9.9   79.4    2.0    9.4    2.0    4.8    0.0  972.5                                      
10742 20140116  3    2.5    4.3    6.7   10.0   80.2    2.0   10.0    0.0    7.5    3.5  973.0                                      
10742 20140115  3    0.8    2.5    4.2    6.4   78.9    2.0    7.8    3.8    6.4    0.4  979.0                                      
10742 20140114  3    1.5    2.8    3.9    5.1   98.7    2.0    6.3    0.0    7.6    0.7  975.6                                      
10742 20140113  3   -5.3   -2.5    1.7    5.1   95.9    1.0    3.2    1.3    5.7    5.5  982.0                                      
10742 20140112  3   -4.0   -2.0    1.2    6.0   93.1    2.0    4.4    6.7    2.5    0.0  990.9                                      
10742 20140111  3   -3.0   -0.7    2.5    6.8   94.2    2.0   10.1    0.0    5.5    0.4  986.4                                      
10742 20140110  3   -2.1    0.8    5.3    8.4   85.0    3.0   10.4    1.0    5.2    0.0  985.9                                      
10742 20140109  3    3.7    5.7    9.7   15.3   75.7    3.0   16.5    2.9    7.0    7.6  980.9                                      
10742 20140108  3    3.3    6.0    9.7   13.8   81.7    2.0    8.1    3.3    6.2    0.0  987.9                                      
10742 20140107  3    2.8    6.5   10.5   15.1   71.1    2.0    6.0    3.6    6.9    0.8  984.8                                      
10742 20140106  3   -1.4    1.4    6.9   12.4   73.8    2.0    5.6    0.4    5.8    0.5  981.0                                      
10742 20140105  3   -0.9    1.4    4.7    6.5   86.6    3.0   11.1    0.0    5.6    0.3  976.8                                      
10742 20140104  3    1.4    4.8    7.3    9.4   83.7    2.0    8.2    0.0    6.4    2.0  974.7                                      
10742 20140103  3    2.8    5.6    8.3   11.1   77.4    2.0   16.2    0.9    6.1    0.8  979.1                                      
10742 20140102  3    1.5    5.0    7.2    9.7   79.2    3.0   12.2    0.1    7.0    5.3  975.3                                      
10742 20140101  3   -2.5   -0.2    4.4    9.8   80.2    2.0   11.4    3.9    6.5    1.3  980.5                                      
10742 20131231  3   -2.4   -0.3    1.3    4.5   87.0    2.0    7.7    6.0    5.8    0.1  986.5                                      
10742 20131230  3   -2.5   -0.3    3.2    7.2   84.3    2.0    6.0    7.0    4.3    0.0  993.8                                      
10742 20131229  3    2.2    3.9    5.0    6.7   86.3    3.0   15.1    2.1    7.5    1.6  986.1                                      
10742 20131228  3    4.6    6.2    8.2   11.6   76.2    2.0   12.2    0.0    7.5    8.6  972.6                                      
10742 20131227  3   -0.7    1.9    5.8    8.5   72.5    2.0   11.8    6.9    4.2    0.0  974.9                                      
10742 20131226  3    4.1    4.6    5.4    5.7   98.0    3.0    9.0    0.0    7.8   12.4  964.6                                      
10742 20131225  3    3.8    4.9    7.8   11.9   82.2    1.0    4.7    0.0    7.3   15.8  962.2                                      
10742 20131224  3    1.6    5.9   10.6   15.6   51.5    3.0    9.6    2.4    5.7    0.0  970.5                                      
10742 20131223  3    2.6    7.0    8.6   11.2   82.2    3.0   14.6    2.6    5.8    0.5  985.6                                      
10742 20131222  3    2.8    6.5    9.2   10.6   76.0    2.0   12.3    0.1    7.5    1.9  989.0                                      
10742 20131221  3   -5.5   -2.0    0.9    6.9   95.8    1.0    5.4    1.1    5.2    0.0  997.5                                      
10742 20131220  3   -2.9   -0.3    5.1    7.4   93.7    2.0    9.6    0.1    6.2    0.4  992.2                                      
10742 20131219  3    0.6    4.8    7.4   10.2   78.8    2.0   10.2    0.0    7.4    4.0  979.6                                      
10742 20131218  3   -4.7   -2.2    2.7    6.9   83.2    2.0    4.4    0.2    6.1    0.0  989.3                                      
10742 20131217  3   -5.1   -2.1    2.2    9.9   81.3    1.0    3.9    6.7    2.0    0.0  994.1                                      
10742 20131216  3   -6.4   -2.4    2.0    9.0   84.8    2.0    4.2    6.9    2.5    0.0  996.9                                      
10742 20131215  3   -4.2   -0.7    2.0    6.8   87.5    1.0    5.4    1.8    4.4    0.0  999.1                                      
10742 20131214  3   -2.1   -1.1    1.4    3.8   98.2    2.0    9.1    0.0    7.7    3.6  996.4                                      
10742 20131213  3   -0.1   -0.5    0.9    2.5   96.7    1.0    4.0    0.2    7.9    0.0  993.9                                      
10742 20131212  3   -1.9    0.9    1.9    2.6   95.1    1.0    5.6    0.0    7.8    0.0  998.1                                      
10742 20131211  3   -0.2    1.5    4.1    5.1   92.6    2.0    5.7    0.0    7.9    0.0 1001.4                                      
10742 20131210  3   -2.8   -0.4    4.2   10.4   88.0    2.0    6.1    6.8    3.6    0.0 1001.8                                      
10742 20131209  3   -1.5    1.0    5.1    8.6   77.1    3.0   11.1    2.3    5.6    0.0  998.1                                      
10742 20131208  3    3.2    3.7    4.9    6.4   86.9    3.0    9.8    0.0    8.0    0.0  995.0                                      
10742 20131207  3   -0.7    1.0    2.2    4.1   88.1    3.0   12.4    0.0    7.8    0.4  994.2                                      
10742 20131206  3   -0.8    0.1    2.6    4.3   75.7    5.0   17.4    2.0    6.8    0.9  987.7                                      
10742 20131205  3    1.4    2.3    4.0    6.1   89.9    4.0   20.2    0.0    7.8    2.3  990.1                                      
10742 20131204  3   -2.0   -2.4    0.3    2.7   96.2    2.0    6.6    0.0    8.0    0.6  994.7                                      
10742 20131203  3   -5.8   -2.9    0.4    4.1   88.4    2.0    5.7    6.3    2.6    0.0  996.2                                      
10742 20131202  3   -0.6    1.2    4.1    7.8   82.9    3.0   11.3    5.9    4.4    0.0  998.3                                      
10742 20131201  3   -0.4    1.3    3.3    6.2   89.2    1.0    4.0    0.1    7.9    0.0  995.9                                      
10742 20131130  3   -0.2    1.7    3.0    4.1   94.2    2.0    7.2    0.0    7.6    0.0  987.3                                      
10742 20131129  3    0.6    0.6    2.4    4.5   96.0    2.0   12.2    0.0    7.9    2.9  991.0                                      
10742 20131128  3   -4.0   -2.8   -0.7    0.6   91.3    2.0    5.4    0.0    8.0    0.5  999.0                                      
10742 20131127  3   -9.2   -5.7   -2.7    1.9   83.2    1.0    4.1    7.5    2.3    0.0 1000.3                                      
10742 20131126  3   -6.6   -3.8   -1.0    2.1   89.7    1.0    4.9    2.7    4.7    0.0  999.1                                      
10742 20131125  3   -5.5   -3.1    0.7    3.6   77.7    2.0    7.5    5.1    5.0    0.1  995.0                                      
10742 20131124  3    1.7    2.5    5.0    6.1   79.5    3.0   11.2    0.0    7.9    0.1  986.0                                      
10742 20131123  3    3.6    4.0    5.1    6.6   86.0    3.0   12.3    0.0    8.0    0.0  980.0                                      
10742 20131122  3    2.4    2.7    4.0    5.1   90.7    3.0    9.9    0.0    7.9    0.2  972.1                                      
10742 20131121  3    2.2    2.6    3.4    4.9   92.0    2.0    7.9    0.0    7.9    1.8  967.1                                      
10742 20131120  3    1.7    1.8    3.3    5.1   96.2    2.0    6.2    0.0    7.9    2.4  972.0                                      
10742 20131119  3    1.1    2.0    3.3    4.2   98.3    2.0    7.2    0.0    7.5   12.1  973.1                                      
10742 20131118  3    0.1    2.1    5.6   10.2   83.6    2.0    4.9    7.7    3.9    0.0  979.8                                      
10742 20131117  3    4.7    4.8    5.6    6.3   88.1    2.0    5.5    0.0    8.0    0.0  989.7                                      
10742 20131116  3    3.7    4.0    5.2    6.8   85.8    2.0    6.0    0.0    8.0    0.0  995.8                                      
10742 20131115  3    1.7    2.9    4.1    5.4   85.3    3.0   10.3    0.4    7.7    0.0  991.9                                      
10742 20131114  3    0.2    2.8    4.1    4.9   93.4    2.0    7.1    0.0    7.8    0.1  989.1                                      
10742 20131113  3   -1.2    1.8    3.9    5.9   96.0    1.0    7.7    0.0    7.2    0.7  996.8                                      
10742 20131112  3   -3.9   -1.2    2.6    7.0   88.9    1.0    5.0    7.1    3.8    1.9  994.3                                      
10742 20131111  3   -2.1    0.8    4.5    8.5   91.1    2.0    5.1    1.0    6.3    0.0  996.1                                      
10742 20131110  3    1.5    3.2    6.0    8.5   88.7    2.0   11.5    0.0    7.4    8.4  976.9                                      
10742 20131109  3    2.1    5.0    8.5   11.6   76.9    3.0   16.0    3.3    5.2    0.8  980.1                                      
10742 20131108  3   10.2   11.3   12.9   14.7   86.5    2.0    9.6    0.0    7.6    9.2  977.8                                      
10742 20131107  3   11.2   11.8   14.0   15.6   79.8    3.0   16.1    0.1    7.6    0.7  979.4                                      
10742 20131106  3    6.1    7.6    9.9   13.9   91.7    4.0   16.2    0.0    7.7   10.8  973.0                                      
10742 20131105  3    0.7    2.9    6.3    9.9   79.8    3.0   14.4    5.1    5.1    5.9  968.0                                      
10742 20131104  3    4.0    5.8   10.0   13.7   73.8    3.0   14.6    0.6    7.0    2.0  964.5                                      
10742 20131103  3    4.4    6.9    9.5   13.0   80.8    3.0   17.6    1.5    6.6    1.0  975.4                                      
10742 20131102  3    6.9    7.4   12.3   15.2   90.5    3.0   13.7    0.1    7.7    8.6  975.5                                      
10742 20131101  3    0.0    2.1    6.2   10.0   90.5    1.0    3.9    0.0    6.8    4.2  986.5                                      
10742 20131031  3   -2.0    1.1    6.2   14.2   82.4    1.0    3.7    8.7    1.4    0.0  992.4                                      
10742 20131030  3   -0.1    2.5    7.7   12.2   80.5    2.0    7.1    6.4    3.3    0.0  991.9                                      
10742 20131029  3    4.4    7.8   11.5   14.8   70.6    3.0   11.4    5.1    4.8    0.0  983.7                                      
10742 20131028  3   11.6   13.3   16.8   22.5   59.8    4.0   17.2    2.1    7.5    0.6  975.8                                      
10742 20131027  3   10.2   11.4   15.1   19.7   76.5    3.0   20.9    5.4    6.1    6.1  980.5                                      
10742 20131026  3   10.7   12.5   17.7   22.6   69.4    2.0    7.1    6.1    5.1    2.9  983.8                                      
10742 20131025  3    6.3    9.3   13.4   19.1   88.3    2.0    3.8    0.6    5.4    0.0  984.2                                      
10742 20131024  3    7.1   10.1   13.4   18.7   84.3    2.0    5.5    6.6    3.6    0.0  986.3                                      
10742 20131023  3    8.6   12.0   14.1   17.0   85.9    2.0    8.5    0.0    7.1    3.3  979.4                                      
10742 20131022  3   10.4   12.6   17.4   24.5   70.7    2.0    5.1    4.3    5.6    0.0  979.2                                      
10742 20131021  3    8.8   11.4   14.8   19.6   83.5    2.0    6.3    3.7    5.5    0.0  985.3                                      
10742 20131020  3    9.3   12.3   14.3   15.9   94.0    2.0    7.4    0.0    6.5   11.8  984.6                                      
10742 20131019  3    3.2    6.4   14.0   21.9   76.3    2.0    9.7    9.3    3.7    4.2  983.1                                      
10742 20131018  3    7.4   10.0   12.3   17.5   83.0    2.0    8.1    3.7    5.6    0.0  986.5                                      
10742 20131017  3    8.8    9.0   12.1   14.5   82.3    3.0   12.3    0.7    7.7    1.5  984.4                                      
10742 20131016  3    7.4    8.1    9.5   12.4   89.5    2.0    7.8    1.2    7.5    0.7  981.8                                      
10742 20131015  3    7.0    8.4   10.7   13.5   93.1    2.0   12.0    0.0    7.5   11.5  978.8                                      
10742 20131014  3    6.0    8.3   11.8   15.3   85.2    2.0    7.0    0.6    7.1    6.5  985.0                                      
10742 20131013  3    3.1    4.0    7.6   12.8   86.3    1.0    7.1    5.8    5.5    0.3  987.1                                      
10742 20131012  3    0.0    2.2    4.7    6.4   94.4    2.0    7.7    0.0    6.6    3.2  984.9                                      
10742 20131011  3    1.5    3.3    6.4   10.1   91.8    1.0    5.3    0.5    6.0    0.7  981.7                                      
10742 20131010  3    5.5    6.4    8.6   12.3   92.1    2.0   14.0    0.0    7.5    9.6  977.2                                      
10742 20131009  3   10.2   11.4   12.8   15.4   83.8    2.0    7.1    0.4    7.6    7.9  987.1                                      
10742 20131008  3    4.1    6.2   11.3   16.4   86.5    1.0    4.6    7.5    3.9    0.0  992.0                                      
10742 20131007  3    5.3    7.8   12.3   16.8   88.9    2.0    6.5    4.2    5.4    0.0  993.0                                      
10742 20131006  3    8.2    8.7   10.4   12.1   94.8    1.0    3.6    0.0    8.0    0.3  991.3                                      
10742 20131005  3    8.6    9.1   11.2   13.7   94.3    2.0    5.7    0.0    7.9   21.6  984.7                                      
10742 20131004  3    7.1    8.0   11.6   16.9   77.4    2.0    6.6    1.2    7.3    0.9  987.2                                      
10742 20131003  3    1.5    3.9   10.4   16.7   55.7    3.0   10.5    9.8    2.8    0.0  988.3                                      
10742 20131002  3    2.7    4.8    9.6   15.4   67.4    3.0   11.2   10.6    1.7    0.0  986.8                                      
10742 20131001  3    4.1    6.5   11.2   16.9   74.9    2.0    7.4    2.8    5.9    0.0  980.2                                      
10742 20130930  3    4.4    5.9   10.3   13.2   77.8    2.0    8.3    0.0    7.0    0.0  976.8                                      
10742 20130929  3    5.9    7.8   12.8   17.1   66.7    3.0   13.1    5.2    6.7    0.0  976.8                                      
10742 20130928  3    7.8    9.7   14.4   20.3   74.9    3.0    7.9    8.6    4.8    0.0  980.0                                      
10742 20130927  3    8.6   10.0   13.8   19.1   79.2    2.0    5.7    6.4    5.0    0.0  983.8                                      
10742 20130926  3   11.6   13.7   15.5   18.9   88.9    2.0    6.8    0.1    7.5    1.9  982.1                                      
10742 20130925  3    6.6    8.6   14.8   21.2   87.0    2.0    6.4    7.6    3.6    0.1  980.2                                      
10742 20130924  3    8.4   10.9   15.3   21.6   80.4    1.0    4.3    8.6    5.0    0.0  984.8                                      
10742 20130923  3    9.5   10.7   14.9   20.0   82.4    1.0    4.9    3.1    6.8    0.0  992.2                                      
10742 20130922  3    4.9    6.6   12.9   18.9   82.6    2.0    5.7    8.6    4.5    0.0  995.3                                      
10742 20130921  3    6.7    8.6   13.2   19.0   83.7    1.0    5.0    5.1    5.8    0.0  993.6                                      
10742 20130920  3   10.0   10.4   12.6   15.8   89.6    2.0   11.1    0.1    7.9    0.5  985.3                                      
10742 20130919  3    6.2    7.9   11.3   14.4   83.7    3.0   10.5    1.7    6.9    0.3  981.2                                      
10742 20130918  3    8.6    9.2   12.3   15.5   94.7    3.0   14.5    0.0    7.8   18.4  968.9                                      
10742 20130917  3    6.3    7.9    9.8   13.1   83.8    3.0   13.1    2.4    7.0    5.3  974.4                                      
10742 20130916  3    7.2    8.4   12.1   14.6   89.3    3.0   12.5    0.0    7.6   11.3  973.2                                      
10742 20130915  3   12.7   13.7   15.1   17.2   93.0    2.0    9.3    0.1    8.0    0.6  978.7                                      
10742 20130914  3    9.3   11.2   14.9   18.8   90.3    2.0    9.2    0.0    7.8    8.7  983.7                                      
10742 20130913  3    9.4   10.5   12.9   16.6   90.3    2.0    8.4    0.6    7.1    0.0  988.6                                      
10742 20130912  3    9.4    9.3   11.5   13.9   94.3    2.0    8.9    0.4    7.7   17.2  983.9                                      
10742 20130911  3    8.8    9.9   11.4   13.7   88.0    3.0   10.4    0.2    7.8   24.5  982.6                                      
10742 20130910  3    8.5   10.7   13.3   16.0   78.3    3.0   12.0    3.8    5.5    0.2  983.2                                      
10742 20130909  3   12.3   12.9   14.9   19.2   75.1    3.0   14.3    7.1    5.9    3.3  986.5                                      
10742 20130908  3   13.9   14.0   18.0   22.1   84.3    2.0   12.1    2.1    7.7   14.1  985.5                                      
10742 20130907  3   14.2   15.5   20.2   26.5   80.2    2.0    6.3    6.6    4.6    1.9  984.4                                      
10742 20130906  3   13.4   15.8   22.1   30.8   63.2    2.0    5.7    9.5    2.7    0.0  980.2                                      
10742 20130905  3   11.3   15.1   22.4   29.7   57.6    2.0    8.8   12.0    2.6    0.0  984.2                                      
10742 20130904  3   12.3   13.8   20.8   28.3   66.3    2.0    5.9   12.1    2.3    0.0  990.7                                      
10742 20130903  3   10.0   12.3   18.3   25.1   69.1    2.0    5.7   11.6    2.6    0.0  994.4                                      
10742 20130902  3   11.1   11.5   16.1   22.2   61.5    3.0   13.2    5.9    6.4    0.0  993.3                                      
10742 20130901  3   10.7   11.5   15.0   18.0   73.9    2.0    8.6    3.7    7.0    0.0  993.1                                      
10742 20130831  3    9.5   12.1   17.0   21.9   75.8    2.0   10.8    5.8    5.5    0.0  989.2                                      
10742 20130830  3    8.6   10.8   17.7   25.7   68.7    1.0    5.5   11.4    2.7    0.0  988.4                                      
10742 20130829  3    7.9   10.0   16.9   24.8   72.6    1.0    6.3   11.0    3.0    0.0  989.3                                      
10742 20130828  3    9.9   11.7   17.0   22.7   75.3    2.0    7.6    9.2    4.4    0.0  985.7                                      
10742 20130827  3   12.0   13.2   16.1   19.5   83.6    2.0    6.6    0.1    7.4    0.0  981.9                                      
10742 20130826  3   12.6   13.8   16.7   21.5   85.3    2.0    7.7    1.6    6.9    0.0  980.5                                      
10742 20130825  3   13.4   13.9   14.8   16.0   99.0    2.0    7.5    0.0    7.5   37.0  979.0                                      
10742 20130824  3   10.8   13.0   17.3   26.0   79.3    2.0   11.0    6.2    4.6    7.7  980.9                                      
10742 20130823  3   11.6   13.6   18.8   24.9   63.0    2.0    8.1    6.3    5.0    0.0  984.9                                      
10742 20130822  3    8.8   11.5   18.6   25.5   59.0    2.0    8.1   10.9    2.6    0.0  987.6                                      
10742 20130821  3    8.2    9.7   17.3   24.5   66.7    2.0    9.0   12.3    1.5    0.0  992.4                                      
10742 20130820  3    8.0   10.0   15.2   20.7   79.3    1.0    6.6    5.8    4.7    0.0  994.9                                      
10742 20130819  3   11.2   13.4   17.8   21.0   80.2    2.0    9.6    2.9    6.3    9.9  985.5                                      
10742 20130818  3   12.4   13.8   19.9   26.6   71.6    2.0    8.6    4.5    5.3    0.6  984.1                                      
10742 20130817  3   10.7   13.0   20.9   28.8   61.1    2.0    9.0   12.5    2.1    0.0  984.3                                      
10742 20130816  3    8.7   11.2   20.1   28.6   54.6    2.0    5.6   13.4    1.9    0.0  986.7                                      
10742 20130815  3    5.8    8.4   16.9   25.0   60.3    1.0    5.6   12.8    1.8    0.0  990.7                                      
10742 20130814  3    7.9    9.4   14.9   20.9   71.0    1.0    5.8    7.7    4.4    0.0  991.0                                      
10742 20130813  3    9.7   12.0   16.2   20.1   76.8    2.0    8.5    5.6    6.2    0.0  987.1                                      
10742 20130812  3   10.6   13.4   18.8   25.1   65.5    2.0   16.8   10.0    4.8    7.1  984.6                                      
10742 20130811  3    9.7   11.9   17.5   23.0   67.3    2.0    8.7    9.5    4.5    0.0  987.5                                      
10742 20130810  3   11.2   14.0   18.9   24.6   69.7    2.0    9.4   10.8    3.8    0.0  988.2                                      
10742 20130809  3   11.9   14.1   17.9   21.3   79.8    2.0    6.3    2.4    6.0    0.9  988.6                                      
10742 20130808  3   15.4   16.4   19.0   22.1   84.4    2.0    5.6    0.5    7.3    0.4  984.7                                      
10742 20130807  3   14.9   16.0   20.7   27.2   82.6    2.0   15.7    1.5    7.0    5.2  980.5                                      
10742 20130806  3   15.1   16.3   22.5   30.5   74.3    2.0   22.4    8.4    4.2    7.0  983.2                                      
10742 20130805  3   14.1   15.7   24.7   32.2   63.2    2.0    7.4   13.8    2.3    0.0  984.9                                      
10742 20130804  3   14.6   17.2   21.9   27.5   71.7    2.0    6.5    8.1    4.3    0.0  988.9                                      
10742 20130803  3   17.3   19.0   24.4   29.8   63.4    2.0    8.8    6.5    5.0    0.4  986.1                                      
10742 20130802  3   14.7   17.3   26.9   35.6   51.3    2.0    6.3   13.7    2.7    0.0  982.9                                      
10742 20130801  3   12.9   14.9   24.1   32.4   59.7    2.0    6.1   14.2    1.9    0.0  985.2                                      
10742 20130731  3   14.0   15.8   21.2   26.1   67.9    3.0   13.3    5.3    5.8    0.0  987.9                                      
10742 20130730  3   12.3   14.1   19.5   24.6   72.0    3.0   12.9    7.9    5.6    0.1  988.1                                      
10742 20130729  3   13.5   14.8   17.6   20.1   94.7    2.0   12.5    0.0    7.2   27.1  984.9                                      
10742 20130728  3   17.0   17.2   22.0   30.2   81.5    2.0   17.4    3.6    6.8   27.3  981.1                                      
10742 20130727  3   17.4   18.8   28.6   36.4   50.8    2.0   14.1   13.5    3.2    5.9  978.1                                      
10742 20130726  3   15.0   17.1   25.2   33.2   62.7    2.0    6.5   10.1    2.7    0.0  982.9                                      
10742 20130725  3   15.1   16.3   22.9   30.1   72.3    2.0   10.8   10.0    2.7    0.0  984.5                                      
10742 20130724  3   15.7   17.0   20.9   26.3   80.6    2.0   10.5    4.2    5.5    0.4  983.4                                      
10742 20130723  3   14.6   16.7   22.8   33.7   63.8    2.0   14.4   10.6    3.5    8.2  982.0                                      
10742 20130722  3   13.3   16.4   25.5   33.7   47.5    2.0    6.9   14.6    1.9    0.0  984.8                                      
10742 20130721  3   15.4   17.0   24.1   31.6   50.9    2.0    7.6   14.5    1.4    0.0  987.1                                      
10742 20130720  3   13.4   15.8   23.3   30.1   55.7    2.0    7.7   14.2    1.8    0.0  986.8                                      
