10731 20140719  1   14.6   15.9   26.4   35.2   55.3    2.0    7.7   12.5    4.4    0.1  998.4                                      
10731 20140718  1   13.6   15.0   26.0   34.6   49.0    2.0    6.2   14.4    2.3    0.0 1003.1                                      
10731 20140717  1   12.8   13.9   23.1   31.3   60.4    2.0    8.6   14.3    1.4    0.0 1006.6                                      
10731 20140716  1   13.1   14.0   21.7   28.5   66.6    1.0    6.5   11.9    3.3    0.0 1007.5                                      
10731 20140715  1   12.6   14.1   20.4   26.8   69.1    2.0    7.3   14.1    2.5    0.0 1006.8                                      
10731 20140714  1   13.8   15.3   19.8   25.2   80.4    3.0    8.9    5.4    5.4    0.5 1000.7                                      
10731 20140713  1   15.9   16.9   19.1   23.5   83.4    3.0   11.9    4.1    7.3    3.3  997.5                                      
10731 20140712  1   16.2   17.0   18.6   23.5   86.7    3.0    9.1    1.6    6.8    8.4  999.3                                      
10731 20140711  1   14.5   15.4   19.4   25.9   80.7    2.0    7.7    5.3    5.5    0.0  999.1                                      
10731 20140710  1   12.0   12.3   15.3   18.5   87.2    3.0   10.0    0.1    6.8    4.1  996.2                                      
10731 20140709  1   11.6   12.0   13.2   14.2   94.4    4.0   14.0    0.0    7.3    7.9  996.2                                      
10731 20140708  1   13.4   13.8   15.7   16.9   92.4    3.0   12.7    0.0    7.3    8.2  996.5                                      
10731 20140707  1   15.6   16.1   19.4   24.8   83.0    2.0    8.0    2.3    7.5   15.8 1001.1                                      
10731 20140706  1   13.3   14.8   23.5   32.3   65.8    2.0   17.4   10.8    5.3   13.6  997.0                                      
10731 20140705  1   15.6   17.3   20.3   23.3   75.9    3.0   13.7    0.9    7.4    0.5  997.7                                      
10731 20140704  1   10.5   11.7   22.1   32.9   62.2    2.0   14.6    9.2    5.8    3.5  998.4                                      
10731 20140703  1   10.2   11.3   21.2   29.6   58.8    2.0    8.2   14.6    3.6    0.0 1008.4                                      
10731 20140702  1   10.7   12.3   19.4   26.6   53.9    2.0    7.8   12.9    4.8    0.0 1006.1                                      
10731 20140701  1    8.0    9.2   17.6   25.4   61.2    2.0   11.7   12.8    3.0    0.0 1003.8                                      
10731 20140630  1    9.6   10.8   16.3   22.3   76.4    2.0   10.4    5.3    6.7    0.2 1002.3                                      
10731 20140629  1   12.9   13.9   17.6   22.3   79.6    3.0   11.6    3.1    7.4    6.8  995.8                                      
10731 20140628  1   14.3   14.9   18.5   22.1   85.3    2.0    8.4    1.3    7.7    7.6  998.0                                      
10731 20140627  1    7.3    8.5   19.6   27.7   53.3    2.0    9.0    8.1    6.0    3.4 1001.2                                      
10731 20140626  1    4.8    6.7   16.8   24.5   51.4    2.0    8.0   14.7    2.3    0.0 1000.7                                      
10731 20140625  1    6.3    8.8   17.3   22.6   57.3    2.0    9.8    7.7    4.3    0.0  999.4                                      
10731 20140624  1   11.7   13.9   20.9   26.8   45.2    2.0    7.6   14.5    4.0    1.1 1002.0                                      
10731 20140623  1    8.5   10.6   19.6   26.6   49.5    3.0    8.9   12.4    4.3    0.0 1005.4                                      
10731 20140622  1    5.8    7.6   18.6   26.9   51.7    2.0    8.4   14.6    3.4    0.0 1005.2                                      
10731 20140621  1    6.0    8.0   17.1   24.2   55.5    2.0    9.2   13.0    2.7    0.0 1004.5                                      
10731 20140620  1    6.7    8.8   16.7   22.0   62.0    2.0    9.6    3.0    5.4    0.1 1004.4                                      
10731 20140619  3    8.3   10.3   19.3   25.6   56.3    2.0    8.7   12.5    4.7    0.0 1004.1                                      
10731 20140618  3    9.9   12.2   20.4   26.9   49.5    3.0   10.7   12.8    2.8    0.0 1004.7                                      
10731 20140617  3   12.6   13.6   18.5   24.0   56.6    3.0   10.4    9.6    5.4    0.0 1005.0                                      
10731 20140616  3    8.8   11.2   18.4   24.3   52.6    3.0   11.3    9.6    4.0    0.0 1005.1                                      
10731 20140615  3    7.4    9.4   18.4   24.5   49.6    3.0   11.8   12.3    2.4    0.0 1005.7                                      
10731 20140614  3    9.6   11.3   17.3   22.3   59.0    3.0   11.0    7.0    4.1    0.0 1004.6                                      
10731 20140613  3   13.7   15.7   21.6   27.1   50.7    3.0   11.0   14.4    4.3    0.0 1006.0                                      
10731 20140612  3   16.1   17.6   23.3   29.5   61.7    3.0    9.4   13.5    2.0    0.0 1009.5                                      
10731 20140611  3   18.2   19.8   24.7   29.8   59.8    3.0    9.2   10.6    5.3    0.0 1008.7                                      
10731 20140610  3   15.7   17.9   26.1   33.9   52.4    2.0    6.1    5.7    6.3    0.1 1003.3                                      
10731 20140609  3   13.6   15.0   27.2   36.7   54.3    2.0   10.6   14.2    2.1    0.0 1001.9                                      
10731 20140608  3   11.7   13.6   25.1   35.2   59.0    2.0    8.6   14.5    0.4    0.0 1003.1                                      
10731 20140607  3    9.2   10.6   22.8   32.3   59.8    1.0    6.0   11.8    3.5    0.0 1001.7                                      
10731 20140606  3    4.9    7.0   19.0   29.6   57.9    2.0    5.0   14.5    2.7    0.0 1002.1                                      
10731 20140605  3    5.8    7.7   15.3   21.4   64.7    2.0   10.7   10.9    3.7    0.0 1001.5                                      
10731 20140604  3    6.9    8.5   15.6   23.8   77.0    3.0   14.5    5.8    6.3    1.0  995.7                                      
10731 20140603  3    5.9    7.0   16.1   23.6   69.3    2.0    9.1    9.2    4.5    0.0                                             
10731 20140602  3    8.6   10.7   16.8   21.7   65.5    2.0    7.2    4.6    6.5    0.0                                             
10731 20140601  3    7.1    7.8   15.4   22.6   65.3    2.0    7.2    2.4    7.3    0.0                                             
10731 20140531  3    2.8    4.7   14.1   22.6   62.7    2.0    9.7   12.8    4.0    0.0                                             
10731 20140530  3    4.5    6.5   12.8   17.0   69.4    3.0   11.2    4.6    6.3    0.0                                             
10731 20140529  3    5.5    6.6   14.5   19.1   75.8    2.0    8.4    4.4    6.8    0.0                                             
10731 20140528  3    6.9    8.4   15.8   21.0   69.0    3.0   10.5    6.2    6.2    0.0  998.7                                      
10731 20140527  3   13.1   13.7   15.7   19.7   81.1    3.0   11.7    1.2    7.4    0.0  997.6                                      
10731 20140526  3   11.1   12.2   16.5   22.0   82.8    2.0    7.4    3.2    7.4    1.6  999.5                                      
10731 20140525  3    6.8    8.2   16.8   24.5   67.0    2.0    9.8    9.0    6.1    0.2 1004.0                                      
10731 20140524  3    6.8    8.5   14.4   19.0   78.9    2.0   11.2    6.3    4.8    2.7 1002.2                                      
10731 20140523  3   12.2   12.8   16.7   22.2   75.5    2.0   11.5    8.7    4.3    4.6  996.7                                      
10731 20140522  3   12.5   14.4   19.0   26.8   63.6    2.0   15.8    9.4    4.8    3.6  995.5                                      
10731 20140521  3    8.9   10.6   21.2   29.8   59.4    2.0    9.2   11.0    6.2    0.0  996.2                                      
10731 20140520  3    7.0    8.9   19.1   28.4   66.6    1.0    8.3   10.9    4.5    0.0  997.3                                      
10731 20140519  3    6.3    7.7   17.5   25.8   65.3    2.0    8.2   13.5    2.8    0.0  994.5                                      
10731 20140518  3    4.2    5.5   15.1   22.4   67.3    2.0    7.4   13.9    1.8    0.0  999.2                                      
10731 20140517  3    2.6    4.5   13.4   20.7   66.8    2.0    8.0   12.2    4.0    0.0 1006.0                                      
10731 20140516  3    4.4    7.5   14.0   19.4   61.7    3.0    9.8    8.1    5.0    0.0 1012.8                                      
10731 20140515  3    5.7    7.5   11.1   14.2   67.3    3.0    9.7    6.2    5.6    0.0 1016.9                                      
10731 20140514  3    5.6    7.5   12.2   16.7   67.1    2.0    9.0    9.8    5.3    2.5 1012.2                                      
10731 20140513  3    7.4    8.2   10.9   15.3   80.3    3.0   11.9    4.4    6.9    0.4 1002.8                                      
10731 20140512  3    7.1    8.3   10.3   14.0   80.6    4.0   15.5    5.3    6.9    3.1  999.3                                      
10731 20140511  3    7.3    8.3   11.7   16.0   80.3    4.0   20.5    7.0    6.3    4.7  995.7                                      
10731 20140510  3    7.4    9.2   14.4   19.1   79.1    3.0   16.6    3.0    6.9   12.5  999.1                                      
10731 20140509  3   11.4   13.2   16.5   21.0   69.4    4.0   14.7    7.0    5.4    0.0 1001.0                                      
10731 20140508  3    9.7   10.8   14.8   19.2   77.0    3.0   13.5    4.2    6.5    7.0 1001.1                                      
10731 20140507  3    9.2   10.8   14.5   18.9   75.5    3.0   13.7    4.8    6.5    6.6  999.6                                      
10731 20140506  3    3.0    4.4   15.0   21.2   63.5    3.0   15.3    4.1    6.9    3.4  998.1                                      
10731 20140505  3    1.1    2.2   12.2   21.2   66.5    2.0    6.4   13.3    5.5    0.0 1002.0                                      
10731 20140504  3   -0.3    1.8    9.7   16.3   69.3    2.0    7.8   13.0    3.3    0.0 1007.3                                      
10731 20140503  3    1.4    3.5    8.8   12.0   76.1    3.0   10.8    0.3    6.0    0.0 1006.9                                      
10731 20140502  3    7.0    8.7   12.9   18.3   84.5    2.0   10.4    1.2    7.0    0.0  998.8                                      
10731 20140501  3    6.9    9.1   12.3   17.2   93.2    2.0    7.4    0.6    7.2    8.2  997.2                                      
10731 20140430  3   10.0   10.7   14.0   18.3   87.8    2.0    7.5    4.1    7.1    7.0  996.1                                      
10731 20140429  3   11.1   11.4   13.8   18.4   80.8    3.0    9.0    2.6    7.0    0.9  997.7                                      
10731 20140428  3    9.0    9.8   12.1   15.1   84.2    2.0    6.1    0.1    7.9    0.3  996.2                                      
10731 20140427  3   10.1   10.6   12.6   15.7   84.5    2.0    9.9    1.9    7.5    0.0  994.3                                      
10731 20140426  3   10.5   11.6   15.5   20.5   74.1    2.0    7.0    4.8    7.0    6.8  996.4                                      
10731 20140425  3    9.6   11.4   18.1   25.2   60.3    3.0    8.8   12.2    5.8    8.5  996.2                                      
10731 20140424  3    4.4    6.1   15.7   24.9   65.6    2.0    8.4   12.0    3.3    0.0 1001.6                                      
10731 20140423  3    3.3    4.8   13.7   23.6   73.5    1.0    8.6    8.8    4.4    0.0 1003.8                                      
10731 20140422  3    3.8    6.2   13.4   20.5   74.6    2.0    7.6    8.1    6.0    0.0  997.7                                      
10731 20140421  3    4.7    6.9   11.6   16.4   78.4    2.0    9.4    6.5    5.8    0.0  990.2                                      
10731 20140420  3    3.2    4.5   13.4   19.8   70.0    2.0    6.8    5.3    4.5    0.0  991.0                                      
10731 20140419  3   -0.4    1.2    9.6   17.0   76.4    3.0   12.1    3.1    6.0    0.0  996.9                                      
10731 20140418  3    0.1    2.2    8.9   12.8   68.0    2.0   12.2    2.0    6.9    0.8  998.2                                      
10731 20140417  3   -2.5    0.1    9.2   17.7   58.2    2.0    9.6   12.7    2.9    0.0 1006.3                                      
10731 20140416  3   -3.2   -1.1    6.8   14.5   66.9    2.0   11.0   10.0    1.7    0.0 1013.5                                      
10731 20140415  3   -0.7    2.2    6.9   10.6   59.1    2.0    8.6    2.7    5.0    0.0 1010.9                                      
10731 20140414  3    4.8    6.9   11.3   15.9   59.5    3.0   13.6    4.2    5.1    0.0 1004.3                                      
10731 20140413  3    3.8    6.4   12.8   18.6   61.7    2.0   11.2   11.4    2.4    0.0 1004.4                                      
10731 20140412  3    3.4    5.6   14.1   20.9   65.0    2.0    7.3    7.9    6.0    0.0 1001.3                                      
10731 20140411  3    2.2    4.9   13.6   20.8   63.9    2.0    9.8   12.3    1.5    0.0 1002.0                                      
10731 20140410  3    1.9    4.3   11.1   18.4   69.0    2.0    5.3    8.2    5.4    0.0 1007.2                                      
10731 20140409  3    1.9    4.5    9.7   15.3   66.5    2.0   10.1   11.0    4.8    0.0 1011.0                                      
10731 20140408  3    6.0    8.0   13.4   16.4   61.9    4.0   15.8    3.3    6.7    0.0 1004.2                                      
10731 20140407  3    3.3    5.0   14.1   21.8   75.3    1.0    4.7    8.3    6.7    4.4 1002.1                                      
10731 20140406  3    5.3    7.7   14.3   19.9   75.6    2.0    8.7   11.0    3.8    0.0 1004.9                                      
10731 20140405  3    8.4   10.2   12.6   14.1   90.2    3.0    6.5    0.0    7.6    0.9 1000.2                                      
10731 20140404  3    7.5   10.2   15.0   20.4   65.7    2.0    6.4    2.0    7.7    0.0  991.6                                      
10731 20140403  3    5.7    7.3   16.3   24.2   60.0    2.0    6.9    4.5    7.3    0.0  989.9                                      
10731 20140402  3    3.8    5.8   14.4   23.9   69.4    1.0    5.8    9.8    4.8    0.0  993.2                                      
10731 20140401  3    3.0    4.9   12.9   21.5   71.3    1.0    4.4    7.1    7.1    0.0  997.2                                      
10731 20140331  3    1.1    2.9   11.5   21.2   70.3    2.0    6.5    8.8    6.6    0.0  999.7                                      
10731 20140330  3   -1.0    1.2   10.9   21.7   66.6    1.0    4.3   10.1    3.8    0.0 1001.4                                      
10731 20140329  3    2.5    5.3   12.4   20.3   59.5    3.0    9.3   11.1    3.0    0.0 1003.5                                      
10731 20140328  3    1.7    4.3   11.1   18.2   58.5    3.0    8.7   11.5    3.0    0.0 1000.6                                      
10731 20140327  3   -1.7    1.1    8.1   15.7   64.0    2.0   10.5   11.1    5.4    0.0  996.1                                      
10731 20140326  3   -1.9   -0.2    5.4   11.8   72.0    3.0    8.7    7.2    4.8    0.0  997.1                                      
10731 20140325  3   -3.4   -1.5    4.8   10.4   76.1    2.0    7.8    9.2    2.8    0.0  995.9                                      
10731 20140324  3    0.4    2.4    4.9    9.4   85.0    2.0    8.9    2.6    6.8    2.8  998.2                                      
10731 20140323  3    0.0    2.3    6.6   10.5   77.8    3.0    9.3    2.6    6.8    0.0  993.6                                      
10731 20140322  3    5.7    6.8    9.7   11.8   87.0    3.0   15.5    0.0    7.6    6.8  992.6                                      
10731 20140321  3    4.1   10.1   15.0   20.0   59.0    3.0   15.7    5.8    5.9    3.3  997.6                                      
10731 20140320  3   -2.5    0.1   10.6   20.3   67.0    2.0    5.9   11.2    3.1    0.0 1004.2                                      
10731 20140319  3    0.8    4.7   11.2   15.4   67.0    4.0   13.0    5.1    6.2    0.0 1010.7                                      
10731 20140318  3    0.2    3.7   10.0   16.2   73.3    3.0   11.9    4.0    5.7    0.0 1003.2                                      
10731 20140317  3    2.6    5.0   11.8   18.4   68.5    3.0    9.0   10.9    2.1    0.0 1006.6                                      
10731 20140316  3    7.6    8.1   11.3   14.9   71.1    4.0   14.3    2.4    5.8    0.0 1007.5                                      
10731 20140315  3    5.2    7.7    8.9   10.5   74.8    4.0   11.9    0.0    7.9    0.0 1008.1                                      
10731 20140314  3   -2.7   -0.8    8.8   19.1   67.7    1.0    6.6   10.5    0.0    0.0 1010.6                                      
10731 20140313  3   -2.9   -0.4    8.4   18.7   69.0    1.0    4.9   10.6    0.0    0.0 1013.2                                      
10731 20140312  3   -0.7    2.8   10.3   17.9   58.0    3.0    9.5   10.5    0.0    0.0 1014.8                                      
10731 20140311  3   -1.1    0.8    9.0   17.0   57.3    3.0   11.2    9.7    2.5    0.0 1012.1                                      
10731 20140310  3    0.0    2.7    9.7   16.5   61.3    3.0    9.9   10.2    1.1    0.0 1009.2                                      
10731 20140309  3   -1.8    1.3   10.7   18.9   56.7    3.0    9.8   10.5    0.8    0.0 1014.3                                      
10731 20140308  3   -2.8   -1.1    8.0   16.5   70.8    2.0    9.0    9.9    0.8    0.0 1016.0                                      
10731 20140307  3   -2.8   -0.8    6.3   14.8   76.6    2.0    5.5    9.7    1.7    0.0 1011.9                                      
10731 20140306  3   -3.5   -1.7    4.9   12.2   79.4    2.0    8.9    8.4    0.3    0.0 1013.4                                      
10731 20140305  3   -2.0    0.3    6.6   12.3   75.3    2.0    6.8    7.1    3.6    0.0 1003.7                                      
10731 20140304  3   -0.7    0.8    5.9   11.0   82.7    2.0    5.4    1.9    7.1    0.0  988.9                                      
10731 20140303  3   -1.1    0.5    5.0   10.4   82.0    2.0   12.0    0.4    7.2    0.5  980.3                                      
10731 20140302  3    0.2    2.5    6.0   10.8   77.5    2.0    4.8    6.7    6.0    0.0  989.3                                      
10731 20140301  3    1.2    2.3    6.1    9.5   80.9    1.0    4.5    0.8    7.3    0.0  988.0                                      
10731 20140228  3    0.7    2.3    7.1   12.1   79.0    3.0   16.4    5.3    6.5    0.4  990.2                                      
10731 20140227  3    4.0    5.1    7.2   10.7   80.3    3.0   12.1    4.3    6.7    4.4 1002.7                                      
10731 20140226  3    3.3    5.1    7.1    8.9   92.4    2.0    5.7    0.0    7.6    6.4 1002.3                                      
10731 20140225  3   -3.7   -1.5    5.9   13.9   76.9    2.0   10.5    4.1    6.9    0.0  999.4                                      
10731 20140224  3   -4.9   -2.7    4.5   15.8   80.3    1.0    3.3    9.8    1.1    0.0 1002.4                                      
10731 20140223  3   -2.2   -0.4    6.1   13.7   81.7    1.0    4.8    8.0    4.5    0.0 1007.5                                      
10731 20140222  3   -3.2   -0.9    5.1   10.0   83.1    3.0   12.7    2.5    5.1    2.3 1002.7                                      
10731 20140221  3   -2.7   -0.5    7.9   11.1   79.8    3.0   15.1    3.9    5.3    0.4  996.1                                      
10731 20140220  3    0.9    3.0    8.1   12.9   79.4    3.0   11.5    6.3    4.8    0.1  999.0                                      
10731 20140219  3    2.3    4.6    7.5   11.0   83.6    2.0    8.1    0.1    7.2    0.1 1001.0                                      
10731 20140218  3   -3.3   -1.7    4.0   11.2   83.9    1.0    4.2    5.0    7.3    0.3 1000.8                                      
10731 20140217  3   -2.4   -0.2    5.2   12.4   81.1    1.0    6.2    9.4    3.5    0.0 1001.4                                      
10731 20140216  3   -0.4    1.9    6.8    9.7   81.9    4.0   15.2    1.0    6.5    0.1  998.6                                      
10731 20140215  3    1.6    2.9    6.8    9.6   90.4    3.0   13.5    0.0    7.8   14.0  990.2                                      
10731 20140214  3    0.5    3.5    6.4   10.2   74.7    3.0   11.1    4.0    7.0    0.4  993.3                                      
10731 20140213  3    3.1    4.5    6.9   10.1   81.3    4.0   23.5    0.2    6.3    8.5  986.0                                      
10731 20140212  3   -1.9   -0.2    4.3    8.9   80.1    3.0   11.2    4.7    5.8    1.9  994.7                                      
10731 20140211  3   -2.1   -0.2    5.4    8.9   79.9    3.0   13.0    1.5    5.5    0.0  991.7                                      
10731 20140210  3   -3.3   -1.0    3.4    6.4   85.2    2.0    9.6    0.0    6.5    1.9  982.0                                      
10731 20140209  3   -3.0   -1.2    5.5    8.2   76.3    4.0   19.5    4.3    5.0    2.7  985.8                                      
10731 20140208  3   -2.0    0.4    6.0   11.4   79.1    3.0   14.6    0.2    6.2    4.5  985.3                                      
10731 20140207  3   -1.2    0.9    7.5   12.4   73.0    4.0   19.1    0.0    6.4    0.1  986.9                                      
10731 20140206  3    0.0    2.3    8.4   11.9   66.5    3.0   12.8    6.5    6.3    0.0  991.8                                      
10731 20140205  3   -4.5   -2.3    1.9    7.7   93.6    2.0   12.7    0.0    7.0    1.0  988.6                                      
10731 20140204  3   -3.5   -1.5    2.1    8.9   93.1    1.0    3.4    1.7    5.5    0.0  996.1                                      
10731 20140203  3   -3.5   -1.6    2.3    6.0   91.4    2.0    8.9    0.9    7.3    0.0  997.4                                      
10731 20140202  3   -2.3   -0.8    4.0    7.3   95.1    2.0    6.6    1.1    7.3    0.0 1000.0                                      
10731 20140201  3   -5.4   -3.3    2.0    6.7   92.5    1.0    7.6    0.5    6.6    5.6  991.1                                      
10731 20140131  3   -4.4   -2.8    1.1    6.5   86.3    1.0    5.3    5.0    4.8    0.0  994.7                                      
10731 20140130  3   -3.8   -1.6    1.0    4.8   81.9    3.0    9.6    5.1    6.5    0.1  991.6                                      
10731 20140129  3   -2.5   -0.2    1.4    4.3   78.4    3.0   12.4    6.6    4.1    0.0  986.0                                      
10731 20140128  3   -3.4   -1.1    4.0    9.6   73.9    2.0    7.1    7.7    2.9    0.0  986.1                                      
10731 20140127  3   -0.7    1.2    4.6    6.8   82.8    3.0   15.7    2.8    6.5    1.1  984.9                                      
10731 20140126  3    1.9    2.5    5.1    6.9   75.5    4.0   15.0    0.7    7.0    3.8  994.4                                      
10731 20140125  3    1.1    2.2    3.4    5.0   84.4    2.0   16.4    2.0    6.4    0.6 1003.2                                      
10731 20140124  3    2.4    3.1    4.0    5.8   86.0    3.0   12.4    0.3    6.3    1.0 1000.9                                      
10731 20140123  3    3.0    3.4    4.2    5.7   94.5    2.0   10.0    0.0    7.9    6.2 1000.5                                      
10731 20140122  3    2.9    3.5    4.8    6.2   91.8    1.0    3.5    0.0    7.7    0.0  998.8                                      
10731 20140121  3    4.1    4.6    5.2    6.3   92.3    3.0    7.4    0.0    7.6    0.7  997.2                                      
10731 20140120  3    2.7    2.9    4.0    5.0   96.2    2.0    6.2    0.0    6.7    0.6  989.4                                      
10731 20140119  3   -0.6    0.7    3.5    5.3   92.1    2.0    8.5    0.4    7.6    0.0  985.8                                      
10731 20140118  3   -3.9   -2.0    1.9    6.1   92.0    2.0    9.0    4.7    6.0    0.0  988.4                                      
10731 20140117  3   -3.4   -1.3    5.6   10.9   83.3    2.0    8.0    4.9    4.5    0.0  989.9                                      
10731 20140116  3    0.1    1.6    5.6    8.6   90.0    2.0    9.8    0.0    7.6    3.7  990.6                                      
10731 20140115  3    0.4    2.0    4.5    6.9   86.3    2.0    8.4    3.7    6.1    0.1  997.2                                      
10731 20140114  3    1.0    3.8    4.9    6.2   98.1    2.0    7.5    0.0    7.1    0.6  994.0                                      
10731 20140113  3   -1.0    0.3    3.6    6.1   99.2    2.0    4.0    0.4    7.6    4.3 1000.2                                      
10731 20140112  3   -3.6   -1.7    2.2    7.0   95.7    2.0    5.7    7.5    3.8    0.0 1008.9                                      
10731 20140111  3   -3.8   -1.9    2.7    7.2   96.7    2.0    6.0    0.0    6.5    0.4 1005.2                                      
10731 20140110  3   -3.2   -1.1    5.6    9.8   87.4    3.0    8.5    3.0    4.8    0.0 1004.7                                      
10731 20140109  3    2.9    4.4    9.0   14.3   81.1    3.0   19.4    1.2    7.4    4.3  999.3                                      
10731 20140108  3    4.5    6.0   10.3   14.8   83.9    2.0   10.2    5.1    6.5    0.0 1005.7                                      
10731 20140107  3    3.9    6.6   10.5   15.4   76.0    2.0   12.3    2.8    6.5    1.0 1002.3                                      
10731 20140106  3   -3.8   -1.9    4.6   11.3   88.6    1.0    5.5    1.6    5.8    0.4  998.4                                      
10731 20140105  3   -3.2   -1.5    4.8    8.7   90.5    3.0   11.0    1.7    5.4    0.0  995.3                                      
10731 20140104  3    0.2    1.6    5.5    9.7   96.2    1.0    8.5    0.0    7.4    6.9  992.2                                      
10731 20140103  3   -1.1    0.6    7.0   12.5   89.0    3.0   15.3    0.7    6.9    4.3  996.6                                      
10731 20140102  3    1.4    3.2    7.0   10.7   89.7    3.0   14.7    0.1    6.5    4.4  992.6                                      
10731 20140101  3   -0.6    0.1    4.9   10.8   88.5    2.0    6.7    5.7    6.9    5.9  998.0                                      
10731 20131231  3   -3.8   -1.4    1.5    6.1   94.3    1.0    3.8    6.9    6.4    0.5 1004.3                                      
10731 20131230  3   -4.3   -2.1    0.5    2.9   99.5    1.0    2.8    0.0    5.4    0.0 1012.2                                      
10731 20131229  3   -0.3    2.6    5.8    8.3   85.5    3.0   11.5    2.1    6.7    0.8 1004.9                                      
10731 20131228  3   -0.4    1.4    6.1    9.0   91.2    3.0   16.2    0.0    7.4    8.6  990.1                                      
10731 20131227  3   -3.4   -1.1    4.2    8.1   85.1    2.0    6.4    4.0    5.0    0.0  992.4                                      
10731 20131226  3    4.5    5.0    5.7    6.2   96.5    3.0    7.4    0.0    7.5    7.3  983.8                                      
10731 20131225  3    2.9    3.6    8.0   13.7   86.0    2.0   10.6    0.0    7.9   19.5  979.7                                      
10731 20131224  3   -1.9    0.0    9.0   16.7   66.0    2.0   14.3    0.2    7.4    1.3  986.7                                      
10731 20131223  3   -1.2    0.9    9.1   12.3   83.0    3.0   13.5    3.3    6.8    0.2 1003.2                                      
10731 20131222  3    0.9    1.7    9.1   11.3   79.8    4.0   17.0    0.0    7.7    1.1 1007.1                                      
10731 20131221  3   -5.1   -2.5    1.1    3.0   98.1    2.0    5.9    0.0    7.1    0.0 1016.2                                      
10731 20131220  3   -4.2   -1.7    4.2    7.5   94.4    2.0    8.5    0.4    5.8    0.0 1011.1                                      
10731 20131219  3   -1.7   -0.5    5.0   10.7   94.9    2.0   12.9    0.0    7.9   10.3  997.2                                      
10731 20131218  3   -4.1   -2.1    2.3    7.0   87.8    1.0    3.2    1.0    6.6    0.1 1007.3                                      
10731 20131217  3   -5.5   -3.2    0.6    7.7   87.6    1.0    4.1    6.6    3.9    0.0 1012.4                                      
10731 20131216  3   -6.2   -4.0    0.5    7.7   90.3    1.0    3.1    6.0    4.8    0.0 1015.3                                      
10731 20131215  3   -4.1   -2.4    2.0    6.6   92.6    2.0    6.4    3.9    4.5    0.0 1017.7                                      
10731 20131214  3   -1.6   -1.2    1.9    4.7   98.5    3.0    8.8    0.0    6.9    4.5 1015.8                                      
10731 20131213  3   -1.2   -1.4   -0.7    0.0  100.0    1.0    6.3    0.0    8.0    0.0 1013.0                                      
10731 20131212  3    0.1   -0.1    1.2    2.8   98.8    1.0    5.5    0.0    7.9    0.0 1017.1                                      
10731 20131211  3   -4.0   -2.2    1.0    4.5   98.5    1.0           0.8    6.4    0.0 1019.9                                      
10731 20131210  3   -4.1   -2.6    0.7    7.2   92.1                  6.7    3.2    0.0 1020.3                                      
10731 20131209  3   -2.9   -1.0    4.2    8.8   80.8    3.0    9.7    6.2    7.1    0.0 1017.5                                      
10731 20131208  3    2.9    3.8    5.4    7.2   81.3    3.0    8.3    0.6    7.2    0.2 1014.4                                      
10731 20131207  3    0.7    1.4    3.4    5.1   83.6    4.0   11.9    0.0    7.8    0.9 1014.0                                      
10731 20131206  3    2.1    2.9    4.3    5.9   70.0    4.0   16.3    2.6    6.5    0.3 1008.9                                      
10731 20131205  3    2.6    3.1    5.2    7.4   84.8    4.0   20.3    2.0    7.7    1.3 1010.1                                      
10731 20131204  3   -0.7   -0.9    1.9    4.3   93.9    3.0    9.6    0.0    7.8    0.5 1014.3                                      
10731 20131203  3   -4.5   -2.9   -0.2    1.9   98.3    2.0    7.4    0.0    7.2    0.0 1015.1                                      
10731 20131202  3   -0.2    1.7    5.4    8.3   79.3    3.0   13.9    5.1    5.1    0.0 1016.1                                      
10731 20131201  3   -0.6    0.8    3.9    6.6   92.5    2.0    4.7    0.5    6.8    0.0 1014.7                                      
10731 20131130  3   -0.6    0.9    3.6    5.9   93.4    2.0    7.4    0.1    5.2    0.0 1006.4                                      
10731 20131129  3    0.8    1.3    3.2    5.7   88.8    3.0   14.0    0.0    7.0    4.4 1010.5                                      
10731 20131128  3   -2.7   -2.0    0.1    1.5   92.5    2.0    7.1    0.0    8.0    0.4 1018.4                                      
10731 20131127  3   -6.7   -4.7   -1.7    2.3   87.4    2.0    7.3    7.7    2.9    0.0 1019.4                                      
10731 20131126  3   -6.1   -4.1    0.2    4.0   91.4    1.0    6.6    4.0    3.5    0.0 1018.8                                      
10731 20131125  3   -5.4   -3.1    1.6    5.1   79.6    2.0    7.1    6.3    5.0    1.0 1014.6                                      
10731 20131124  3    0.4    2.4    6.3    7.7   78.8    3.0   12.8    0.3    6.5    0.3 1005.3                                      
10731 20131123  3    3.7    4.3    5.6    7.2   89.2    3.0    9.2    0.0    6.4    0.1  998.9                                      
10731 20131122  3    3.0    3.4    4.1    4.7   93.3    3.0   10.4    0.0    6.1    4.0  990.9                                      
10731 20131121  3    0.9    1.8    4.0    5.9   90.9    2.0    8.2    0.0    6.6    0.3  985.2                                      
10731 20131120  3    3.5    4.0    4.9    6.0   96.3    2.0    6.2    0.0    7.8    3.1  991.0                                      
10731 20131119  3   -0.5    0.3    3.8    5.7   99.2    2.0    5.1    0.0    7.8   22.3  992.1                                      
10731 20131118  3   -0.9    0.2    3.9    8.8   94.0    1.0    3.6    5.4    5.3    0.0  998.1                                      
10731 20131117  3    5.1    5.5    6.2    7.2   87.4    2.0    6.4    0.0    6.8    0.0 1008.0                                      
10731 20131116  3    4.7    5.2    5.9    7.3   81.6    3.0    8.7    0.0    6.8    0.0 1014.3                                      
10731 20131115  3    1.8    2.9    5.2    6.3   81.2    3.0   11.9    0.6    7.2    0.0 1010.2                                      
10731 20131114  3   -0.8    1.1    4.5    7.2   89.6    2.0    7.4    0.3    7.3    0.0 1007.7                                      
10731 20131113  3   -0.2    1.3    5.2    7.0   97.0    2.0    4.8    0.0    6.3    0.2 1015.4                                      
10731 20131112  3   -3.2   -1.1    1.6    4.3   98.6    2.0    5.4    2.6    4.9    1.6 1012.9                                      
10731 20131111  3   -2.3   -0.6    4.8    9.5   90.3    2.0    5.3    3.4    3.8    0.0 1015.0                                      
10731 20131110  3    3.5    4.6    7.1    9.5   90.3    2.0   12.4    0.0    7.8   13.4  996.0                                      
10731 20131109  3    3.4    5.9    9.8   12.5   76.8    3.0   16.9    2.7    5.9    0.8  998.4                                      
10731 20131108  3   10.9   11.5   13.6   16.7   89.4    3.0   13.1    0.0    7.9   12.3  995.4                                      
10731 20131107  3   12.0   13.2   15.2   16.9   79.8    4.0   17.1    1.0    7.3    0.1  997.4                                      
10731 20131106  3    8.0    8.8   11.5   14.8   90.3    4.0   14.9    0.0    7.8    1.6  991.9                                      
10731 20131105  3    2.2    4.0    7.4   10.2   81.7    4.0   13.9    5.2    4.2    1.9  986.5                                      
10731 20131104  3    5.0    7.0   11.1   13.8   76.5    5.0   19.5    0.6    7.5    2.2  981.8                                      
10731 20131103  3    6.4    7.9   10.4   14.3   81.2    4.0   17.1    0.9    6.7    2.7  993.8                                      
10731 20131102  3    5.3    6.2   12.9   17.1   90.1    4.0   17.5    0.5    7.6    8.1  992.9                                      
10731 20131101  3    1.0    2.3    6.6    9.9   94.8    1.0    3.9    0.0    7.9    5.8 1004.5                                      
10731 20131031  3   -0.8   -0.5    5.4   13.7   90.0    1.0    3.1    8.9    2.0    0.0 1010.8                                      
10731 20131030  3    0.1    1.9    8.3   13.3   86.8    2.0    6.4    6.5    1.7    0.0 1010.4                                      
10731 20131029  3    5.4    8.1   12.1   15.0   77.2    3.0   14.1    6.2    6.6    0.0 1001.9                                      
10731 20131028  3   12.8   13.9   17.5   22.8   63.4    5.0   19.0    2.9    7.4    0.1  993.3                                      
10731 20131027  3   11.3   12.6   15.5   20.2   82.3    4.0   20.2    4.5    6.5    7.8  998.2                                      
10731 20131026  3    8.0    9.2   15.1   23.3   88.7    1.0    8.5    7.0    6.5    4.1 1001.0                                      
10731 20131025  3    6.5    8.1   12.2   18.5   95.0    1.0    4.0    0.8    7.6    0.0 1001.6                                      
10731 20131024  3    7.1    8.7   14.3   19.7   87.0    2.0    6.1    6.9    4.3    0.0 1003.7                                      
10731 20131023  3    8.6    9.9   14.5   17.8   90.9    2.0   13.4    0.2    7.9    6.1  996.6                                      
10731 20131022  3   10.3   11.6   15.6   23.1   90.6    1.0    3.7    4.8    6.7    0.5  996.1                                      
10731 20131021  3    8.4    9.8   14.2   20.8   93.4    1.0    6.9    2.7    7.4    0.0 1002.6                                      
10731 20131020  3    9.3   11.0   14.5   17.3   97.3    2.0    7.5    0.0    7.6   12.2 1002.0                                      
10731 20131019  3    3.9    5.3   12.9   21.8   88.7    1.0    8.5    8.6    4.5    9.5 1000.4                                      
10731 20131018  3    5.5    8.5   13.2   17.6   85.6    2.0    7.6    8.0    6.4    0.0 1004.0                                      
10731 20131017  3    9.6   10.8   13.4   17.0   82.9    4.0   13.1    2.6    6.6    1.3 1003.4                                      
10731 20131016  3    7.4    8.8   10.5   13.5   91.4    2.0    8.1    2.0    7.0    0.4 1000.4                                      
10731 20131015  3    7.9    9.0   11.7   13.5   95.1    3.0   10.6    0.0    7.4    4.3  997.0                                      
10731 20131014  3    6.1    6.5   11.4   15.2   93.3    1.0    7.9    0.5    7.5   14.6 1002.4                                      
10731 20131013  3    2.4    4.1    7.7   14.2   89.0    1.0    6.0    6.1    5.5    3.3 1004.9                                      
10731 20131012  3    0.7    2.7    4.9    6.9   93.5    2.0    7.1    0.1    6.1    1.2 1003.4                                      
10731 20131011  3    1.4    3.0    7.5   10.9   90.1    2.0    6.2    3.3    7.2    0.9  999.6                                      
10731 20131010  3    5.8    6.8    9.7   12.7   87.5    3.0   10.5    2.6    7.3    2.8  995.9                                      
10731 20131009  3   11.6   12.4   14.0   16.3   87.4    3.0   11.1    0.2    7.8   15.0 1005.3                                      
10731 20131008  3    8.7    9.8   13.3   17.7   87.7    2.0    5.5    3.6    6.1    0.0 1010.3                                      
10731 20131007  3    7.4    8.7   12.7   16.9   92.5    2.0    6.7    1.6    5.5    0.0 1011.0                                      
10731 20131006  3   11.2   11.5   12.7   13.7   98.3    1.0    5.5    0.0    7.5    5.3 1009.7                                      
10731 20131005  3   11.7   11.8   12.7   13.7   97.8    2.0    4.5    0.0    7.7   21.0 1002.9                                      
10731 20131004  3   10.0   10.6   13.7   18.2   81.1    2.0    6.0    1.1    7.5   17.0 1004.2                                      
10731 20131003  3    5.1    6.6   12.0   18.3   69.5    3.0    9.5    7.4    5.5    0.0 1004.3                                      
10731 20131002  3    5.7    8.0   12.1   18.2   72.1    3.0   11.6    9.7    3.1    0.0 1002.9                                      
10731 20131001  3    7.8    9.3   12.9   18.7   77.6    3.0    9.3    6.9    4.0    0.0  997.3                                      
10731 20130930  3    6.3    7.8   11.2   13.7   77.1    3.0    8.4    2.0    6.3    0.0  994.2                                      
10731 20130929  3   10.8   11.8   14.5   18.3   70.6    4.0   12.1    1.8    7.4    0.1  993.3                                      
10731 20130928  3    8.7    9.6   15.1   21.5   81.8    3.0    9.0    6.6    6.5    0.0  996.7                                      
10731 20130927  3   10.4   11.4   15.0   19.9   82.0    3.0    7.6    6.6    6.2    0.0 1001.2                                      
10731 20130926  3   12.9   14.8   17.0   20.7   88.1    2.0    7.2    0.6    7.4    0.6 1000.1                                      
10731 20130925  3    7.7    8.9   15.3   23.2   89.1    2.0    7.1    5.3    5.8    1.9  998.0                                      
10731 20130924  3    6.0    8.0   14.3   21.9   86.6    1.0    4.1   11.0    1.5    0.0 1002.5                                      
10731 20130923  3    8.6   10.2   15.9   21.2   82.2    2.0    7.2    9.4    3.1    0.0 1010.2                                      
10731 20130922  3    6.2    6.9   13.5   21.3   87.5    1.0    4.1   10.5    2.8    0.0 1013.5                                      
10731 20130921  3    7.3    8.8   14.2   19.4   84.5    1.0    4.3    7.1    7.0    0.0 1011.8                                      
10731 20130920  3   10.8   11.5   14.2   17.2   86.5    3.0   12.4    1.3    7.5    0.2 1003.7                                      
10731 20130919  3    7.9    9.3   12.6   16.5   82.5    3.0    9.3    1.5    6.1    0.5  999.8                                      
10731 20130918  3   10.4   11.7   14.8   18.2   89.2    4.0   15.6    0.0    7.5    4.1  987.4                                      
10731 20130917  3    8.6    9.3   11.1   14.2   83.5    4.0   14.1    1.7    6.5    8.2  992.6                                      
10731 20130916  3    8.6    9.7   13.0   15.4   88.3    4.0   13.9    0.0    7.3    3.5  991.4                                      
10731 20130915  3   13.1   13.6   15.0   16.4   94.9    2.0    8.9    0.0    7.5    0.7  997.1                                      
10731 20130914  3   13.5   13.8   16.4   20.1   91.5    3.0   11.4    0.0    7.7   13.4 1001.4                                      
10731 20130913  3   10.9   11.9   14.4   19.1   88.5    2.0    7.1    2.2    6.9    0.1 1007.1                                      
10731 20130912  3   11.6   12.3   13.1   14.8   95.5    3.0    8.1    0.0    7.5   28.6 1003.1                                      
10731 20130911  3    9.2   10.4   12.5   15.4   90.4    4.0   13.8    1.0    7.0    7.9 1001.2                                      
10731 20130910  3    9.5   10.7   14.1   17.1   79.2    3.0   11.7    4.8    4.7    0.3 1001.8                                      
10731 20130909  3   13.5   13.9   16.4   20.5   75.3    3.0   11.5    8.4    5.5    2.6 1004.8                                      
10731 20130908  3   14.1   14.8   17.6   20.4   89.0    2.0   16.8    0.5    7.0   10.0 1003.9                                      
10731 20130907  3   16.8   17.5   20.8   25.1   80.9    2.0    9.1    3.1    7.6   10.7 1002.1                                      
10731 20130906  3   11.6   13.4   21.6   31.1   75.9    1.0    8.3   10.6    3.0    0.4  997.1                                      
10731 20130905  3   11.0   13.0   21.5   31.2   72.0    1.0    5.5   12.2    0.3    0.0 1000.8                                      
10731 20130904  3   12.1   14.2   20.9   29.4   70.5    2.0    8.5   12.3    0.1    0.0 1007.6                                      
10731 20130903  3    9.5   11.0   18.5   25.9   73.7    2.0    7.1   12.3    0.7    0.0 1012.3                                      
10731 20130902  3   11.3   12.5   17.2   23.5   65.3    3.0   13.3   10.0    3.3    0.0 1012.0                                      
10731 20130901  3   12.2   13.1   16.1   19.4   73.2    2.0    6.8    4.6    7.4    0.0 1011.9                                      
10731 20130831  3   12.2   13.7   18.2   22.9   81.0    2.0    9.2    3.4    6.9    0.9 1007.6                                      
10731 20130830  3    8.8    9.9   17.9   26.1   76.3    1.0    4.9   11.8    4.2    0.0 1006.2                                      
10731 20130829  3    8.3    9.2   17.0   24.8   77.2    2.0    8.2   11.1    3.8    0.0 1007.1                                      
10731 20130828  3   10.3   11.3   17.7   23.6   78.5    2.0    8.1    7.4    4.4    0.0 1003.8                                      
10731 20130827  3   13.1   14.1   17.3   20.5   86.0    2.0    7.0    0.1    7.5    0.0  999.7                                      
10731 20130826  3   14.9   15.0   17.2   20.8   88.8    2.0    5.9    2.2    7.1    0.0  998.3                                      
10731 20130825  3   14.0   14.7   16.3   19.4   94.8    2.0    6.9    0.0    7.3   21.7  997.6                                      
10731 20130824  3   10.6   12.2   17.3   21.8   87.4    2.0    9.2    3.1    5.2   12.8  998.4                                      
10731 20130823  3   13.0   14.1   20.4   26.9   65.5    3.0   10.5    7.5    4.9    0.0 1001.6                                      
10731 20130822  3    9.9   11.1   18.6   25.9   68.1    2.0    9.2   10.5    6.3    0.0 1004.8                                      
10731 20130821  3   10.5   12.2   18.1   25.4   69.6    2.0   12.3   12.9    2.0    0.0 1009.9                                      
10731 20130820  3   10.0   11.0   17.1   22.4   74.3    2.0    6.4   10.8    2.6    0.0 1013.0                                      
10731 20130819  3   12.5   13.9   18.0   23.6   82.1    2.0    9.1    4.8    6.3   13.0 1003.6                                      
10731 20130818  3   13.5   14.6   20.2   26.6   77.1    2.0    6.5    2.1    7.1    0.4 1001.6                                      
10731 20130817  3   12.4   13.5   21.5   29.9   69.1    2.0    8.8   12.5    3.2    0.0 1001.8                                      
10731 20130816  3    8.8   10.0   19.5   28.8   68.8    1.0    5.3   13.1    1.2    0.0 1004.0                                      
10731 20130815  3    7.2    8.1   17.3   25.6   66.8    2.0    8.0   13.0    3.5    0.0 1008.2                                      
10731 20130814  3    8.8    9.6   15.8   22.1   74.7    2.0    7.2   10.3    1.8    0.0 1009.0                                      
10731 20130813  3   10.9   12.6   17.2   21.8   79.6    2.0    7.8    5.6    5.1    0.0 1005.5                                      
10731 20130812  3    9.9   11.2   19.4   26.4   70.6    2.0   20.9   11.7    3.8   17.4 1002.5                                      
10731 20130811  3   11.1   12.1   18.7   24.6   70.0    2.0    7.8    7.8    4.5    0.0 1005.5                                      
10731 20130810  3   11.7   12.8   19.1   25.2   73.4    2.0   10.1   11.5    1.7    0.0 1006.4                                      
10731 20130809  3   13.3   14.6   18.7   23.6   81.5    2.0    6.3    5.2    6.0    0.0 1006.8                                      
10731 20130808  3   16.0   16.3   19.5   22.6   84.5    2.0    7.3    0.4    7.5    1.0 1002.7                                      
10731 20130807  3   17.1   17.7   20.7   26.6   85.6    2.0   10.8    2.4    7.7    1.7                                             
10731 20130806  3   17.2   17.1   22.7   30.4   77.2    2.0   30.8    8.1    6.8   21.9 1000.7                                      
10731 20130805  3   13.2   14.2   24.9   34.4   67.3    2.0    8.5   13.7    3.0    0.0 1001.6                                      
10731 20130804  3   15.2   16.3   22.5   28.7   70.5    1.0    6.5    6.2    4.8    0.0 1006.5                                      
10731 20130803  3   18.1   19.2   24.5   29.4   65.9    2.0    9.1    6.6    6.3    1.0 1004.0                                      
10731 20130802  3   14.2   15.3   26.1   36.8   63.1    2.0    7.1   12.4    2.3    0.0  999.7                                      
10731 20130801  3   12.3   14.0   24.1   33.9   67.3    2.0    7.3   14.0    0.3    0.0 1001.9                                      
10731 20130731  3   14.7   16.1   22.7   27.8   66.8    3.0   10.8    7.5    4.2    0.0 1005.7                                      
10731 20130730  3   15.4   16.8   21.4   26.5   68.6    3.0   11.5    7.8    7.4    0.0 1006.1                                      
10731 20130729  3   16.7   17.7   19.5   22.3   90.0    2.0   12.9    0.3    7.6   15.2 1002.6                                      
10731 20130728  3   18.6   18.8   23.1   28.7   82.0    2.0    8.5    3.1    7.3    6.9  998.5                                      
10731 20130727  3   16.7   17.8   28.0   38.1   60.2    2.0   11.9   13.3    3.6    0.9  994.7                                      
10731 20130726  3   15.7   17.2   25.5   33.3   69.3    2.0    9.7    9.6    4.9    0.0  999.5                                      
10731 20130725  3   15.7   16.7   23.6   30.0   76.3    2.0    9.9   10.4    2.2    0.0 1001.8                                      
10731 20130724  3   16.5   17.9   21.8   26.6   84.0    2.0   10.7    6.2    6.4    2.5 1001.1                                      
10731 20130723  3   15.7   16.3   24.7   33.7   64.3    2.0   14.0    9.1    5.9    0.7  999.1                                      
10731 20130722  3   13.5   14.6   25.0   34.1   56.9    1.0    6.1   14.1    1.3    0.0 1001.7                                      
10731 20130721  3   15.5   16.7   25.3   33.1   50.7    2.0    8.5   14.3    0.3    0.0 1003.9                                      
10731 20130720  3   15.7   17.4   24.5   31.1   57.0    3.0   11.9   14.3    1.6    0.0 1004.1                                      
